-2 6 5
-3 343 344
-3 342 343
-3 346 347
-3 348 349
-3 347 348
-1 304 319
-1 48 62
-1 0 19
-2 1 0
-2 4 3
-1 119 131
-1 90 107
-1 75 90
-1 176 168
-3 345 346
-3 344 345
-1 331 342
-1 287 304
-1 190 200
-1 148 160
-1 195 185
-1 185 176
-1 49 38
-1 38 25
-2 8 7
-1 13 8
-1 25 13
-2 7 6
-2 5 4
-1 31 48
-2 2 1
-1 19 31
-2 3 2
-1 131 148
-1 107 119
-1 168 156
-1 146 136
-1 156 146
-1 114 99
-1 99 91
-1 136 125
-1 125 114
-3 349 350
-1 319 331
-1 160 170
-1 170 180
-1 180 190
-1 215 203
-1 203 195
-1 58 49
-1 69 58
-1 62 75
-1 350 339
-1 339 326
-1 260 275
-1 294 283
-1 270 261
-1 283 270
-1 261 248
-1 248 234
-1 218 231
-1 225 215
-1 234 225
-1 91 81
-1 81 69
-1 275 287
-1 315 305
-1 326 315
-1 200 218
-1 305 294
-1 243 260
-1 231 243
