191 188 183 
206 194 202 
184 194 182 
6 5 18 
85 93 96 
96 93 103 
334 343 344 
344 340 334 
342 343 338 
338 343 334 
347 337 346 
349 335 348 
348 335 332 
332 347 348 
337 347 332 
316 304 319 
301 304 316 
334 340 327 
129 113 120 
164 167 171 
141 148 151 
184 192 196 
202 194 196 
196 194 184 
181 192 184 
199 206 208 
194 206 199 
208 201 199 
199 201 191 
212 206 202 
27 34 40 
40 30 27 
27 30 18 
60 48 62 
51 48 60 
19 15 0 
0 15 1 
4 3 16 
10 4 16 
131 124 119 
107 106 90 
90 78 75 
86 84 76 
90 106 88 
88 78 90 
86 76 88 
88 76 78 
65 76 74 
74 76 84 
173 179 183 
183 188 173 
188 174 173 
168 174 176 
147 136 140 
83 85 68 
93 85 83 
93 95 105 
98 105 95 
110 101 116 
102 101 110 
96 103 100 
100 116 101 
140 136 128 
346 337 333 
333 341 346 
333 337 324 
346 341 345 
345 341 340 
340 344 345 
342 338 331 
324 337 329 
337 332 329 
329 314 324 
290 297 278 
301 297 290 
287 304 290 
290 304 301 
273 264 266 
298 295 289 
278 297 292 
292 289 286 
297 307 292 
292 307 298 
298 289 292 
284 289 295 
286 289 284 
277 273 284 
284 273 266 
293 300 291 
291 285 293 
293 285 277 
293 284 295 
277 284 293 
320 329 332 
314 329 320 
324 314 313 
330 338 334 
340 341 325 
325 327 340 
341 333 325 
325 333 324 
324 313 325 
249 264 256 
190 200 197 
197 186 190 
160 151 148 
188 195 185 
176 174 185 
185 174 188 
171 167 178 
178 184 171 
178 181 184 
189 182 194 
194 199 189 
183 179 189 
189 179 182 
189 191 183 
189 199 191 
202 196 204 
204 196 192 
192 205 204 
222 212 223 
182 179 172 
172 164 171 
171 184 172 
184 182 172 
57 45 61 
65 74 61 
44 34 39 
44 45 57 
39 45 44 
38 36 49 
25 36 38 
7 12 8 
8 12 13 
13 12 25 
6 18 14 
14 7 6 
12 7 14 
23 36 25 
25 12 23 
12 14 23 
33 36 23 
40 52 41 
41 30 40 
33 30 41 
11 27 18 
11 18 5 
11 5 4 
11 4 10 
65 60 72 
72 76 65 
78 76 72 
31 48 32 
32 48 51 
15 21 17 
2 1 17 
17 1 15 
24 19 31 
31 32 24 
24 32 21 
15 19 24 
24 21 15 
10 16 20 
34 27 20 
20 11 10 
27 11 20 
35 45 37 
37 45 39 
9 3 2 
9 16 3 
2 17 9 
132 131 148 
132 148 141 
124 131 132 
122 133 126 
124 132 122 
115 107 119 
106 107 115 
119 124 115 
174 168 166 
162 173 166 
166 173 174 
166 168 156 
136 147 146 
146 147 156 
149 147 140 
82 74 84 
82 95 93 
93 83 82 
82 83 68 
120 113 112 
113 105 112 
113 103 104 
104 105 113 
104 103 93 
93 105 104 
97 106 108 
86 88 97 
97 88 106 
89 84 86 
86 97 89 
89 97 98 
89 98 95 
89 82 84 
95 82 89 
109 103 113 
109 100 103 
116 100 109 
129 139 134 
134 139 143 
138 149 140 
144 149 138 
117 102 110 
114 99 117 
117 99 102 
92 99 91 
102 99 92 
125 128 136 
114 117 125 
125 117 128 
336 349 350 
335 349 336 
317 307 308 
308 307 297 
308 297 301 
301 316 308 
308 316 317 
317 327 318 
318 307 317 
327 325 318 
274 284 266 
286 284 274 
276 292 286 
286 274 276 
276 274 268 
278 292 276 
276 268 278 
303 293 295 
303 313 314 
303 295 298 
298 313 303 
319 331 328 
328 316 319 
328 330 316 
328 331 338 
338 330 328 
317 316 322 
316 330 322 
322 327 317 
334 327 322 
322 330 334 
281 285 291 
249 242 232 
222 223 232 
222 232 230 
230 232 242 
269 262 267 
267 281 269 
269 281 279 
261 262 269 
250 262 261 
253 262 250 
251 242 249 
249 256 251 
267 262 259 
259 262 253 
253 251 259 
259 251 256 
285 281 271 
271 281 267 
267 259 271 
271 259 256 
277 285 271 
271 273 277 
264 273 271 
271 256 264 
197 205 193 
193 205 192 
193 186 197 
197 200 209 
209 205 197 
170 177 169 
161 151 169 
169 160 170 
151 160 169 
181 178 175 
161 169 175 
175 169 177 
175 177 186 
167 161 175 
175 178 167 
180 177 170 
186 177 180 
180 190 186 
154 151 161 
154 161 167 
167 164 155 
143 150 155 
155 153 143 
164 153 155 
126 133 137 
143 139 137 
137 150 143 
120 126 137 
137 129 120 
137 139 129 
203 207 215 
198 195 188 
188 191 198 
198 203 195 
207 203 198 
191 201 198 
201 207 198 
220 226 227 
210 223 212 
210 212 202 
202 204 210 
163 153 164 
164 172 163 
47 36 33 
49 36 47 
49 47 58 
58 47 56 
67 69 58 
58 56 67 
85 77 71 
68 85 71 
67 56 64 
57 61 66 
66 61 74 
74 82 66 
68 57 66 
66 82 68 
54 61 45 
65 61 54 
54 60 65 
51 60 54 
40 34 46 
46 52 40 
18 30 22 
22 14 18 
22 23 14 
22 30 33 
33 23 22 
55 52 63 
63 64 55 
55 64 56 
62 75 70 
70 60 62 
70 72 60 
70 75 78 
78 72 70 
28 20 16 
39 34 28 
34 20 28 
26 9 17 
35 37 26 
26 37 39 
39 28 26 
16 9 26 
26 28 16 
133 122 130 
130 122 132 
141 133 130 
130 132 141 
118 122 108 
124 122 118 
118 115 124 
108 106 118 
106 115 118 
156 147 157 
157 166 156 
162 166 157 
147 149 157 
152 149 144 
144 153 152 
111 97 108 
98 97 111 
105 98 111 
111 112 105 
108 122 111 
111 122 126 
111 126 120 
120 112 111 
116 109 121 
129 134 121 
113 129 121 
121 109 113 
142 134 143 
143 153 142 
142 153 144 
123 117 110 
128 117 123 
110 116 123 
140 128 123 
123 138 140 
80 92 91 
80 69 67 
101 102 94 
102 92 94 
339 336 350 
326 336 339 
310 325 313 
310 318 325 
310 313 298 
298 307 310 
307 318 310 
275 272 260 
302 314 300 
302 303 314 
300 293 302 
293 303 302 
312 306 300 
300 314 312 
314 320 312 
294 283 279 
296 281 291 
291 300 296 
300 306 296 
227 237 229 
222 230 217 
217 212 222 
208 206 217 
206 212 217 
261 269 270 
279 283 270 
270 269 279 
248 250 261 
248 234 236 
236 250 248 
228 218 231 
249 232 240 
240 232 223 
223 229 240 
237 244 240 
240 229 237 
187 175 186 
181 175 187 
186 193 187 
192 181 187 
187 193 192 
141 151 145 
151 154 145 
145 133 141 
145 154 150 
145 137 133 
150 137 145 
150 154 158 
158 155 150 
158 154 167 
167 155 158 
215 207 213 
213 224 215 
213 207 201 
215 224 225 
236 234 225 
225 224 236 
236 224 239 
253 250 239 
239 250 236 
239 230 242 
239 251 253 
242 251 239 
205 209 214 
214 220 205 
226 220 214 
219 210 204 
219 204 205 
205 220 219 
219 220 227 
227 229 219 
223 210 219 
219 229 223 
73 64 63 
63 71 73 
73 71 77 
51 54 42 
35 32 42 
42 32 51 
42 45 35 
42 54 45 
34 44 43 
43 46 34 
68 71 59 
59 71 63 
63 52 59 
52 46 59 
50 47 33 
33 41 50 
56 47 50 
50 55 56 
50 41 52 
52 55 50 
35 26 29 
29 32 35 
21 32 29 
29 17 21 
29 26 17 
159 157 149 
149 152 159 
162 157 159 
153 163 165 
165 152 153 
165 159 152 
162 159 165 
165 173 162 
179 173 165 
165 172 179 
165 163 172 
116 121 127 
127 123 116 
138 123 127 
81 80 91 
69 80 81 
67 64 79 
79 80 67 
64 73 79 
92 80 79 
79 94 92 
79 73 77 
87 100 101 
101 94 87 
96 100 87 
87 85 96 
87 77 85 
87 79 77 
94 79 87 
282 275 287 
287 290 282 
272 275 282 
305 309 315 
335 336 321 
321 336 326 
326 315 321 
321 315 309 
279 281 288 
281 296 288 
288 294 279 
258 274 266 
268 274 258 
258 263 268 
249 240 252 
252 240 244 
244 258 252 
208 217 211 
211 201 208 
211 213 201 
230 239 221 
221 239 224 
221 217 230 
221 211 217 
224 213 221 
213 211 221 
218 228 216 
216 214 209 
216 228 226 
226 214 216 
200 218 216 
216 209 200 
46 43 53 
53 59 46 
53 44 57 
53 43 44 
53 57 68 
68 59 53 
135 121 134 
135 127 121 
134 142 135 
135 142 144 
144 138 135 
138 127 135 
280 290 278 
280 282 290 
278 272 280 
272 282 280 
335 321 323 
323 312 320 
323 332 335 
323 320 332 
305 294 299 
294 288 299 
299 309 305 
299 296 306 
299 288 296 
260 245 243 
226 228 238 
260 272 257 
257 245 260 
255 264 249 
249 252 255 
266 264 255 
255 258 266 
255 252 258 
306 312 311 
312 323 311 
311 323 321 
311 321 309 
311 299 306 
309 299 311 
231 243 235 
235 228 231 
235 238 228 
235 243 245 
245 238 235 
233 237 227 
227 226 233 
265 257 272 
278 268 265 
265 272 278 
268 263 265 
246 238 245 
245 257 246 
254 265 263 
257 265 254 
254 246 257 
246 254 247 
247 244 237 
237 233 247 
247 254 263 
247 258 244 
263 258 247 
241 247 233 
246 247 241 
238 246 241 
226 238 241 
241 233 226 
