309 50 116 
26 22 29 
23 112 125 
-2 147 136 
55 5 524 
4 195 60 
9 -3 7 
68 17 6 
-3 9 69 
8 6 96 
14 63 -3 
222 12 -3 
11 578 13 
14 -3 12 
10 13 71 
16 -1 243 
76 15 226 
7 98 250 
387 191 305 
297 109 123 
173 105 442 
24 119 23 
1 23 118 
22 2 21 
440 21 111 
26 423 27 
1 25 113 
546 28 25 
27 312 117 
424 1 316 
164 338 31 
144 32 30 
31 340 146 
34 -1 349 
154 33 337 
161 36 -1 
35 157 -2 
-2 170 38 
149 37 163 
174 179 -1 
178 43 -1 
44 351 -1 
200 48 45 
40 199 44 
46 41 43 
42 46 198 
45 152 44 
151 48 127 
47 42 187 
507 114 50 
0 51 49 
108 182 50 
180 107 -1 
184 62 186 
55 327 190 
4 54 189 
188 57 196 
379 56 203 
59 61 394 
399 58 213 
5 207 523 
208 58 521 
53 218 395 
10 65 64 
99 66 63 
63 70 100 
64 67 -3 
66 97 68 
7 -3 67 
8 245 -1 
65 71 72 
14 93 70 
94 95 70 
74 79 572 
225 73 76 
-1 76 529 
75 16 74 
275 591 87 
240 84 83 
73 81 236 
83 85 233 
224 82 79 
81 406 83 
78 80 82 
85 78 91 
80 84 232 
274 87 92 
86 77 231 
411 418 89 
252 90 88 
89 273 92 
92 84 238 
86 91 90 
94 71 579 
72 93 415 
72 239 101 
246 9 251 
67 99 98 
230 17 97 
64 100 97 
99 65 101 
95 403 100 
589 276 264 
-1 280 104 
279 294 103 
285 20 -1 
308 -1 108 
52 108 -1 
107 51 106 
19 291 110 
111 124 109 
286 24 110 
115 2 113 
26 117 112 
49 115 116 
114 122 112 
117 0 114 
113 28 116 
22 119 317 
118 21 120 
278 468 119 
422 315 254 
115 508 125 
319 19 124 
110 125 123 
2 122 124 
129 334 329 
47 330 335 
482 354 130 
130 126 562 
168 129 128 
132 321 -1 
139 131 -1 
138 134 -2 
133 135 -1 
134 140 -1 
3 341 137 
138 -2 136 
133 137 141 
142 132 140 
135 141 139 
138 342 140 
320 139 344 
339 492 144 
145 31 143 
343 144 489 
166 32 147 
146 3 148 
147 -2 149 
148 38 165 
336 350 151 
152 47 150 
46 151 352 
-1 154 159 
153 34 479 
162 497 157 
-2 157 171 
156 36 155 
161 -1 159 
153 160 158 
159 496 162 
35 158 162 
160 155 161 
38 353 165 
30 166 355 
166 149 163 
146 165 164 
480 168 357 
167 130 358 
170 -2 171 
360 37 169 
156 356 169 
174 -1 173 
172 20 365 
39 172 176 
362 301 382 
174 363 367 
178 -1 179 
40 177 370 
39 368 177 
52 183 182 
506 182 373 
181 51 180 
180 -1 372 
53 185 -1 
184 371 -1 
374 53 211 
331 48 204 
205 56 189 
55 190 188 
189 54 333 
18 192 384 
194 380 191 
206 195 194 
196 192 193 
193 5 196 
56 194 195 
199 369 377 
45 199 201 
198 43 197 
204 42 201 
198 202 200 
201 378 203 
202 57 205 
205 187 200 
188 204 203 
207 193 388 
208 60 206 
61 207 385 
306 210 386 
209 302 389 
212 186 396 
375 211 570 
215 59 392 
-1 215 219 
214 217 213 
217 -1 397 
215 216 400 
220 62 -1 
214 220 -1 
219 393 218 
222 -3 401 
11 221 532 
229 224 227 
223 81 225 
224 74 226 
16 227 225 
226 247 223 
249 230 229 
407 223 228 
98 404 228 
232 87 539 
85 231 234 
236 80 234 
232 235 233 
234 540 237 
79 233 237 
235 608 236 
412 91 240 
241 95 410 
238 78 241 
405 239 240 
-1 245 243 
244 15 242 
246 248 243 
242 69 246 
96 244 245 
227 248 249 
244 251 247 
250 228 247 
17 249 251 
248 96 250 
269 89 417 
263 256 432 
121 433 255 
254 256 421 
255 253 461 
260 265 258 
270 259 257 
258 536 427 
261 257 425 
262 260 428 
266 261 459 
463 253 264 
102 268 263 
257 266 271 
265 262 267 
462 268 266 
267 264 272 
252 270 273 
269 258 271 
265 272 270 
271 268 276 
90 269 274 
275 86 273 
77 274 276 
272 102 275 
281 278 279 
277 120 441 
439 104 277 
103 559 281 
464 277 280 
292 288 284 
295 285 287 
285 -1 282 
105 284 283 
111 291 438 
283 288 290 
287 282 289 
288 293 437 
296 287 291 
286 109 290 
293 282 -1 
289 292 294 
-1 104 293 
443 283 296 
295 290 450 
19 300 451 
303 449 299 
300 390 298 
318 299 297 
175 446 304 
210 306 303 
447 298 302 
383 301 305 
306 18 304 
302 209 305 
311 452 -1 
310 106 309 
0 312 308 
311 -1 308 
307 310 313 
28 313 309 
454 311 312 
466 606 470 
472 121 316 
315 29 317 
118 467 316 
502 300 319 
123 509 318 
321 142 488 
131 320 322 
321 323 -1 
322 490 325 
398 -1 325 
323 328 324 
525 476 327 
54 326 484 
325 347 515 
126 330 332 
329 127 331 
187 333 330 
564 329 333 
331 190 332 
335 126 481 
127 334 336 
337 150 335 
34 336 477 
30 483 339 
487 143 338 
32 343 341 
342 136 340 
344 141 341 
340 145 344 
142 342 343 
493 486 346 
474 347 345 
346 328 491 
-1 351 349 
350 33 348 
352 150 349 
348 41 352 
152 350 351 
355 163 361 
128 355 359 
164 353 354 
360 171 498 
167 358 494 
357 168 359 
354 361 358 
170 356 361 
359 353 360 
175 363 364 
362 176 365 
444 362 365 
363 173 364 
367 381 369 
176 366 368 
370 179 367 
197 370 366 
178 368 369 
185 374 372 
373 183 371 
181 372 501 
186 499 371 
500 212 376 
391 503 375 
378 197 381 
202 377 379 
57 378 380 
384 192 379 
366 382 377 
381 175 383 
382 304 384 
191 380 383 
208 388 510 
209 566 387 
18 386 388 
385 206 387 
568 210 390 
299 391 389 
390 376 569 
393 213 394 
220 392 395 
58 511 392 
62 393 396 
512 211 395 
518 216 513 
514 324 516 
59 400 522 
217 519 399 
402 221 -1 
533 401 -1 
404 101 405 
407 230 403 
403 241 406 
82 407 405 
229 404 406 
530 587 -1 
410 414 411 
412 239 409 
88 412 409 
238 410 411 
594 419 414 
409 415 413 
94 577 414 
-1 426 538 
537 252 418 
88 419 417 
413 583 418 
605 436 471 
255 550 422 
424 121 421 
25 424 545 
29 422 423 
260 427 -1 
416 -1 427 
425 259 426 
430 261 -1 
-1 456 430 
460 428 429 
554 -1 601 
253 433 542 
432 254 434 
473 436 433 
617 543 436 
434 420 435 
438 289 439 
286 437 440 
279 441 437 
24 438 441 
439 278 440 
20 443 444 
295 445 442 
446 364 442 
443 448 447 
447 301 444 
303 446 445 
445 450 449 
451 298 448 
448 296 451 
297 449 450 
307 454 453 
552 455 452 
452 313 547 
453 457 -1 
429 -1 457 
455 458 456 
457 549 460 
262 460 462 
459 430 458 
548 256 463 
463 267 459 
263 462 461 
281 555 465 
466 469 464 
314 465 557 
472 317 468 
467 120 469 
465 470 468 
469 314 471 
420 473 470 
315 467 473 
471 434 472 
517 346 475 
485 476 474 
475 326 520 
337 481 479 
495 479 480 
478 154 477 
481 167 478 
477 334 480 
128 563 483 
560 338 482 
327 485 565 
484 475 486 
345 487 485 
339 561 486 
490 320 489 
145 492 488 
323 488 491 
493 347 490 
489 143 493 
345 491 492 
357 498 495 
496 478 494 
160 495 497 
498 155 496 
494 356 497 
501 374 500 
375 504 499 
373 499 505 
318 509 503 
504 376 502 
505 500 503 
501 504 506 
507 181 505 
49 506 508 
509 122 507 
502 319 508 
385 567 511 
512 394 510 
396 511 571 
514 397 -1 
398 513 -1 
328 517 516 
518 398 515 
474 520 515 
397 516 519 
527 400 518 
517 476 526 
523 61 522 
399 527 521 
60 521 524 
525 4 523 
526 326 524 
527 520 525 
519 526 522 
530 -1 529 
75 573 528 
408 528 575 
582 535 -1 
222 533 576 
532 402 534 
-1 535 533 
534 531 597 
259 537 538 
417 584 536 
581 416 536 
540 231 592 
235 539 541 
621 610 540 
432 543 590 
542 435 544 
620 593 543 
423 551 546 
547 27 545 
553 454 546 
461 549 550 
548 458 552 
551 421 548 
553 545 550 
453 553 549 
547 551 552 
431 556 558 
557 464 559 
554 586 557 
466 555 556 
-1 554 559 
555 280 558 
483 563 561 
565 487 560 
563 129 564 
560 482 562 
562 332 565 
484 561 564 
567 386 568 
571 510 566 
389 569 566 
568 391 570 
212 571 569 
512 567 570 
573 73 574 
575 529 572 
609 575 572 
530 573 574 
532 596 578 
595 415 579 
579 12 576 
577 93 578 
-1 581 582 
538 584 580 
599 531 580 
584 419 598 
581 537 583 
588 603 -1 
556 602 625 
408 607 588 
612 585 587 
591 102 590 
542 593 589 
77 589 592 
593 539 591 
590 544 592 
413 595 598 
577 596 594 
595 576 597 
596 535 599 
599 583 594 
582 598 597 
-1 603 601 
602 431 600 
604 586 601 
600 585 604 
611 602 603 
618 420 606 
314 626 605 
614 587 609 
237 610 609 
607 574 608 
541 613 608 
624 604 612 
588 615 611 
614 610 619 
607 613 615 
616 612 614 
615 619 623 
620 435 618 
605 622 617 
616 613 621 
621 544 617 
541 620 619 
623 618 626 
616 622 624 
611 623 625 
586 624 626 
622 606 625 
