0.0 0.0 
0.0 0.125 
0.0 0.25 
0.0 0.375 
0.0 0.5 
0.0 0.625 
0.0 0.75 
0.0 0.875 
0.0 1.0 
0.08056172204611751 0.3118774480168081 
0.0863545210660774 0.495294177603272 
0.09226903684617882 0.5704561509268028 
0.0935514459046169 0.9244500611674427 
0.09375 1.0 
0.09466781449648176 0.8143548014747843 
0.09750550578667033 0.08948306571120894 
0.1036592177783544 0.4156993145625542 
0.1068421321836167 0.2053314786782614 
0.1121644369492177 0.6900149621593685 
0.125 2.775557561562891E-17 
0.1613643111953133 0.5019386321655096 
0.1728740204886992 0.139630381546232 
0.1788661347521334 0.7770638513311097 
0.1852110170650712 0.8743277672300486 
0.1856427278355514 0.06781906372534617 
0.1875 1.0 
0.1921627093138983 0.3136612771278199 
0.1940211169662829 0.5984996030772752 
0.2029218156836624 0.42378255927652 
0.2049183183379371 0.2074520200775271 
0.2277288264497777 0.7016716892867105 
0.25 5.551115123125783E-17 
0.2754207931635408 0.124422978270963 
0.2765156074777557 0.810201445290019 
0.2777409080668002 0.5049976228581952 
0.2787518435676092 0.2452566378247691 
0.2798593693234898 0.9267206071082168 
0.2809300246054989 0.314894293045278 
0.28125 1.0 
0.2823435158851935 0.3862156876599705 
0.2965334162737547 0.6279522408469749 
0.3147822763650473 0.7197574420286635 
0.3498094982770918 0.2058759081237704 
0.3598677268871747 0.502089428472867 
0.3647214580094806 0.4325667713537466 
0.3695762267428238 0.31397198350651 
0.3729743190176227 0.5707177265087156 
0.3731099055572438 0.8955190483624275 
0.375 8.326672684688674E-17 
0.375 1.0 
0.3773822176902246 0.7863212431015651 
0.3852915526213173 0.1294502656188605 
0.3976512465015188 0.678253675017365 
0.4346185388254265 0.5006532275681399 
0.4377980741499201 0.2140363159192406 
0.4533772167891792 0.7598989718655776 
0.4604625840176218 0.8537443487295843 
0.4627633721521907 0.4061330477401292 
0.46875 1.0 
0.472502105936863 0.5946683836044527 
0.483677161490972 0.1101446080242139 
0.4926900041831206 0.3064160286546283 
0.5 1.110223024625157E-16 
0.5008330476046249 0.6925971588166041 
0.5343390084315387 0.7881180468702437 
0.5384977840840453 0.2154729437982505 
0.5539572316645783 0.3830492882466996 
0.5558723210264533 0.8949554456044324 
0.5614992166779724 0.4984067425670613 
0.5625 1.0 
0.5671989812091829 0.06726137516430482 
0.5719695095152084 0.628136868830327 
0.5788572237053126 0.1412398811991341 
0.5811442325330529 0.7191298099891678 
0.5927241373046898 0.3009464385287599 
0.625 1.387778780781446E-16 
0.6448074709263621 0.2049010790378568 
0.646963606186897 0.6838565191871977 
0.6537898947676534 0.093846658679221 
0.6542661535524144 0.8008642097951861 
0.6551446643564862 0.9292022262907935 
0.65625 1.0 
0.663832143410815 0.3961206433534893 
0.6638685120812655 0.4924204294926297 
0.6730396898300284 0.2923842175156647 
0.6735333855698145 0.584192867712547 
0.728487562732308 0.2361071686974475 
0.7429357447789025 0.6960889922461894 
0.7442301095015953 0.1471314152402854 
0.746642932295146 0.314474245167945 
0.75 1.665334536937735E-16 
0.75 1.0 
0.7527121095785595 0.8984982682701373 
0.7600933775261272 0.4913775887738244 
0.7675679771534618 0.8018574137077448 
0.7678823315492637 0.3930435777102584 
0.771489666249991 0.5973147844238376 
0.8217001054963833 0.2377995678858281 
0.8260956848383743 0.3336620533279788 
0.84375 1.0 
0.8448681322374911 0.6529323982444127 
0.845113493071792 0.7535877670354115 
0.8467479325584738 0.8618922885067538 
0.8468152923343195 0.5583125083450808 
0.8487249087577982 0.4909580421101752 
0.8549658970423443 0.4178949988881546 
0.8582078441860977 0.114441068716133 
0.875 1.942890293094024E-16 
0.9164863467711675 0.2079604335120167 
0.9204286981084201 0.6041068887917196 
0.9225755131075831 0.8076296650871962 
0.9278232790630463 0.3190365820685693 
0.9307539826641671 0.4104496837604934 
0.9358972105557245 0.4992427622270672 
0.9375 1.0 
0.9414550867963667 0.06869372069243224 
0.9462743825104568 0.7045802072455667 
0.9511699847062097 0.9123803261126783 
0.9543041807838799 0.1425395284363638 
1.0 2.220446049250313E-16 
1.005331831430492 0.4087519159297383 
1.02052170120775 0.602353074075715 
1.024709122956875 0.2153290111903302 
1.025074406197116 0.8081703708141472 
1.026208614174352 0.1001458369896125 
1.03125 1.0 
1.040478903762053 0.3250391668250474 
1.047199363539605 0.7036687763456189 
1.052539611694858 0.9156136552638403 
1.053763265078711 0.493380830615693 
1.107065433375727 0.2091727894175478 
1.111111111111111 0.04046984328469905 
1.112678892792702 0.1371578317125556 
1.117219366599769 0.2797287091539979 
1.119392949761643 0.5585377254801998 
1.12005619431476 0.6504533690748412 
1.125 1.0 
1.126826454314437 0.4011207613824557 
1.127620393654557 0.7509878774971459 
1.128340424488482 0.486731799025922 
1.130531418857044 0.8644954986857666 
1.180798703169985 0.2030248360403123 
1.193712870803387 0.5991317475225494 
1.206039450078319 0.505017012837489 
1.210806007692248 0.6846231620046592 
1.212887113180244 0.307238968273547 
1.21875 1.0 
1.222014780134031 0.9190603433499989 
1.222222222222222 0.06997618330929334 
1.231864036183736 0.7952911525017351 
1.245794308834129 0.4061609633933869 
1.293587152814284 0.2135765989864941 
1.293930744465225 0.7080283647295151 
1.300837645383493 0.6002922758927626 
1.309026988371429 0.3362802252251366 
1.311655271518004 0.4777529279162053 
1.3125 1.0 
1.313205401121772 0.8672491527255938 
1.319938803869259 0.4067032945567716 
1.324043134171812 0.7762620532922894 
1.333333333333333 0.08927197372091444 
1.384003235366789 0.2899693024802748 
1.38785973846016 0.8119045425260242 
1.393243274006675 0.6054992438222816 
1.393546635485159 0.5252587524069456 
1.399516821454227 0.6988517195354339 
1.400858800723917 0.903192578406814 
1.401531371977054 0.4046798178988405 
1.40625 1.0 
1.409765748000234 0.1957265272077652 
1.444444444444444 0.09881237299577417 
1.473612452143603 0.4864302573947852 
1.480009328183546 0.58733110817886 
1.486054428215387 0.8132085482117947 
1.498691690770762 0.9302608473622792 
1.498959668938235 0.2986609087717453 
1.5 1.0 
1.502690409924905 0.1804597515436225 
1.505642137317682 0.4125220956385582 
1.526363828324423 0.69548054198936 
1.555555555555556 0.09881237299577417 
1.575597301068874 0.3816592794403551 
1.580695046170961 0.6117547789829315 
1.583180052192954 0.7750978156771426 
1.584483764528507 0.4930861708698963 
1.59375 1.0 
1.60418180885603 0.2071256693353248 
1.605641467285411 0.3094370238368113 
1.605859057682582 0.8862896159395472 
1.62841106867326 0.6940651686465105 
1.666666666666667 0.08927197372091467 
1.673291586597639 0.7930845868576515 
1.673941848977895 0.383985258216907 
1.680518021131524 0.2782206075202629 
1.683873618025161 0.5932381103806607 
1.6875 1.0 
1.700219639115266 0.4873295013452412 
1.719605372861241 0.1891914705077573 
1.720420819187518 0.8989640742935975 
1.724719545000361 0.7047206333079802 
1.777777777777778 0.06997618330929334 
1.778551407573861 0.8072804588499612 
1.779136185468732 0.5351422815179441 
1.78125 1.0 
1.78136600022672 0.4325567190483139 
1.790246024297818 0.3006949662631102 
1.790775449157526 0.6325250961431766 
1.805261395645337 0.9131934460533012 
1.806221386162318 0.7177010128951321 
1.806466106453123 0.1859178215889616 
1.854900075510957 0.4889881505247725 
1.857788107220641 0.7696232330188237 
1.867225787031233 0.5761654443898722 
1.871104062011521 0.8596917387631344 
1.871462650746398 0.2307888132705463 
1.875 1.0 
1.8835098557898 0.1420048974622086 
1.886534475204811 0.6811068393121369 
1.888888888888889 0.04046984328469905 
1.891940427989606 0.3993609127691887 
1.900463944717242 0.3009838695808997 
1.941215703944802 0.7813262905347288 
1.946833691475199 0.6097737138653097 
1.951180603647111 0.5103777780822787 
1.964384122056332 0.8940374002576164 
1.96875 1.0 
1.97523477495674 0.224984010010355 
1.977557241275598 0.3374562146613657 
1.978993527866483 0.1048726267050888 
1.990303068694179 0.4234886303225958 
1.992924443475936 0.6894582108379078 
2.0 2.220446049250313E-16 
2.034867035648274 0.5926251519722447 
2.048768669229933 0.2959253120212767 
2.0625 1.0 
2.063269675354606 0.06822105945978355 
2.063358736788412 0.9284621992565929 
2.063458964463481 0.3764219683438355 
2.06575649155314 0.1523032000634778 
2.067915037634306 0.7975747956786872 
2.072807902618856 0.4831725119632581 
2.078627268518145 0.2335431138176545 
2.082894227869631 0.6756836675939689 
2.125 1.942890293094024E-16 
2.141639336743667 0.408017578403949 
2.149691626345421 0.09212120955771262 
2.150615428105577 0.1905406026004052 
2.150922006410674 0.3044838256365207 
2.15625 1.0 
2.159108270684771 0.588708528293273 
2.160718548507364 0.8975912425925352 
2.162484870710141 0.7138894055228419 
2.169644035960637 0.4803759578298328 
2.176947374230863 0.8041060234466592 
2.220453037979951 0.2292176010702926 
2.236256086991655 0.5114488417431675 
2.23831573282223 0.6644532089962789 
2.239009850429423 0.1399168240096398 
2.248220429036476 0.4025865029114077 
2.249507843478511 0.7525370727084422 
2.25 1.665334536937735E-16 
2.25 1.0 
2.250603634700229 0.8574842236503355 
2.253951433980878 0.296248972193986 
2.276935142991158 0.5865724811243354 
2.307774480454688 0.218308948534541 
2.322650389756282 0.4963804172872595 
2.32515819574005 0.7962628205777526 
2.339587645504367 0.3129831849860439 
2.339793779732512 0.8950948476545214 
2.34375 1.0 
2.345475539529446 0.6814824204374016 
2.352691603761521 0.1107383250180372 
2.361695200548535 0.5739801661969589 
2.370003010201851 0.4079959698475406 
2.375 1.387778780781446E-16 
2.423735911054815 0.3322084736241286 
2.427595578199137 0.606331593604542 
2.432691236984024 0.2207036427644606 
2.433476250589047 0.9250676643444172 
2.434752432559341 0.1315819821484729 
2.435481675248938 0.7937917721519324 
2.435872252243751 0.06665529647087742 
2.4375 1.0 
2.440656167894793 0.501864917123219 
2.449903875810302 0.6798563697562829 
2.453737784831271 0.4014052049838863 
2.5 1.110223024625157E-16 
2.51350603382194 0.8777820360246141 
2.515791106299075 0.4298096425232822 
2.516931344150913 0.1087588837536199 
2.519399862130964 0.7101398368271111 
2.520624236704854 0.3318601645017992 
2.529883819960394 0.6027180405456125 
2.53125 1.0 
2.543665436628489 0.499686404066339 
2.555192610990711 0.7894152400534588 
2.56415807187557 0.2156445000922597 
2.608993958389402 0.4229716187007399 
2.609608538683016 0.8840685565425324 
2.613480459606401 0.6891646226151787 
2.616565756501354 0.1279174849663309 
2.620807073989325 0.6079693163730573 
2.622868962945003 0.5334287208509858 
2.625 8.326672684688674E-17 
2.625 1.0 
2.640240725496803 0.7811218891158089 
2.645628104406881 0.3028529304832149 
2.655476100200376 0.2018958045745043 
2.691621420750835 0.919531425057175 
2.702125854577988 0.3877370458950427 
2.70929161303723 0.8285447235873303 
2.710951529150349 0.7248544743856206 
2.711459248481771 0.4791862810416237 
2.712934980124057 0.6055769093698783 
2.71875 1.0 
2.726878262029547 0.1208385165872626 
2.729488808805988 0.2380494649695366 
2.740691298335035 0.3222125413423723 
2.75 5.551115123125783E-17 
2.786830892691504 0.6810364707824681 
2.790625888283282 0.894077691431747 
2.798079668520831 0.1959297144158196 
2.798261490395257 0.77155415382861 
2.807753584902663 0.5248874613003373 
2.811706189545596 0.4016547770481229 
2.8125 1.0 
2.814437210195452 0.2804917759423165 
2.814825562080009 0.06601183223046524 
2.820938203442788 0.6125877528499333 
2.828098815292866 0.1347523900869224 
2.875 2.775557561562891E-17 
2.887211298211676 0.6892140798580887 
2.888197472068414 0.4839255373060146 
2.892917802987129 0.1996999664484737 
2.896948920924265 0.8172227444027816 
2.901235961990893 0.9279637906526402 
2.901856284120244 0.5726003711717041 
2.902937330656169 0.0876994481873339 
2.90625 1.0 
2.906722668212369 0.3204013762784136 
2.921576467440597 0.4142857895943398 
3.0 0.0 
3.0 0.125 
3.0 0.25 
3.0 0.375 
3.0 0.5 
3.0 0.625 
3.0 0.75 
3.0 0.875 
3.0 1.0 
