0.0
0.125
0.25
0.375
0.5
0.375
0.25
0.125
0.0
0.3195750769347797
0.5073894423993512
0.43241882534188564
0.07555019974382562
0.0
0.18565111929324074
0.0936117848410303
0.4259351929658532
0.20983582443465693
0.3112159528981837
0.0
0.5193233424478834
0.16391551222880196
0.22316372289193004
0.12569307670775368
0.09097783160704219
0.0
0.3428896877742044
0.4173895989348264
0.453535316481124
0.23591720605694544
0.30885071626400273
0.0
0.1269932842589719
0.189859716851402
0.506049733574233
0.2478728490247319
0.07329258677565403
0.3175445613421731
0.0
0.38887996130167757
0.38166727319707533
0.2880659064408046
0.21411935801836252
0.5039309932448288
0.4427019831058487
0.3240078700084195
0.43406235901908213
0.10449804645109549
0.0
0.0
0.21377939584224653
0.1298587206318885
0.32373135262604513
0.5187715331200315
0.2249185424429201
0.24060273271147337
0.14649026176575164
0.43602745048288555
0.0
0.41741072105926047
0.11134751786097213
0.33191651349731793
0.0
0.3154661906991955
0.21423927004322266
0.23008823951289897
0.4096339360281296
0.10525343004738492
0.5192128351373406
0.0
0.08868511917029674
0.389060875135271
0.16357660048321937
0.2976065647765437
0.3188388320592707
0.0
0.20958049269387835
0.31638277320782704
0.09816340145892834
0.19914742504252164
0.07080640175199436
0.0
0.40565057058421083
0.5019503635908646
0.3015063198707487
0.4195273154857273
0.23760219937434732
0.30791281629434186
0.14724450749339624
0.3180448256274479
0.0
0.0
0.10153795882588502
0.498076341103168
0.199313986419322
0.3994343341455637
0.41073144574596526
0.24431380575603623
0.34027701346033457
0.0
0.34711276742421815
0.2464570995838477
0.13814024603107844
0.4417526902739562
0.5026492483141612
0.42932013936259494
0.11566648047627713
0.0
0.2258583833338989
0.40674674416312384
0.19726297823649064
0.337511582177228
0.4289716509752323
0.512745611692451
0.0
0.09025704473663439
0.30300240878360607
0.08867962411957223
0.1652123816890733
0.0
0.4160137141260468
0.4095157864383737
0.21438423027671344
0.19792860763886336
0.10351850135743872
0.0
0.325221968597365
0.30474666315323656
0.08703047020468073
0.4784346194811693
0.16893410508201007
0.0
0.09670069826855676
0.23897634318763783
0.4418990042199139
0.34998096773765225
0.0
0.36074795925063485
0.24916229637482062
0.44637238258929973
0.13561735313370168
0.13934795270907405
0.40500305473484544
0.4549686312192329
0.3178195856661439
0.24839038213043563
0.0
0.08100547393814592
0.0
0.20516593643714998
0.3484183271070946
0.13050440118351955
0.29896579220561154
0.4069230528143145
0.2541756121185798
0.3969699254120346
0.0
0.13275272141397074
0.3254390418111434
0.22438300418637058
0.0
0.20063245031263577
0.18916632248143372
0.39638158623231246
0.4375174364395554
0.3028185480208938
0.09695742315653451
0.31667441651719946
0.0
0.1029318477134033
0.0
0.4101349879650212
0.42958652844971634
0.1874839217620789
0.06975142352430255
0.2155277832784853
0.0
0.0972677646822707
0.32958489729756607
0.311921581601293
0.0
0.2992716921963966
0.4117308227751273
0.22783438745134915
0.41105237642435327
0.0
0.11872776707232884
0.22104953339142297
0.11435331530452349
0.3206359754584126
0.0
0.22215891546750194
0.3162776429314855
0.21030874477180234
0.43385410421669474
0.0
0.4229104467128359
0.11307701999827946
0.10626400434449546
0.3151243999775967
0.0
0.19929527046634726
0.4701259881029534
0.0
0.36751619470551333
0.23535577447657546
0.3796159134958762
0.09006622523975362
0.2930508295157168
0.11943820029269561
0.46020797797884394
0.2314098571983711
0.4311800280966786
0.14036234004932588
0.19127497536570348
0.0
0.10167743714271567
0.32447706746664173
0.0
0.3659706942276736
0.26722509704037223
0.22112017829644864
0.4178816191160973
0.4918044845857361
0.10605250319715989
0.0
0.2253665389886731
0.3378627196743349
0.10695578387128526
0.4248341670642164
0.3265409438556121
0.0
0.42126211508208655
0.32753588625324204
0.0
0.09200405390329836
0.0715429546781176
0.4093620217672753
0.176122961547803
0.2025096385819405
0.5136012128230856
0.2583761103414448
0.3253177134217948
0.0
0.4116893373522539
0.09537291891285418
0.19379664743694572
0.30774028291569955
0.0
0.41398451494899935
0.10250620234650995
0.28875810618592845
0.48927798504876385
0.19738960965841124
0.23155625089032267
0.5086225910792694
0.33626198891059556
0.14034778597658076
0.41298372506406217
0.24746992627318756
0.0
0.0
0.14251705471065176
0.30649187158807384
0.4231922288484884
0.22953481850248947
0.5170421881413032
0.20488953383253602
0.3294111846666287
0.10497972503027884
0.0
0.3214542571197964
0.11296300797399741
0.43017321623158583
0.4291735207299848
0.0
0.35621396872324657
0.3980106549540735
0.244350099813122
0.07504029241762765
0.15520460683590523
0.20633150156355407
0.09026826486006806
0.0
0.503290593680555
0.3211760738693047
0.43163478853430987
0.0
0.12349930790906019
0.44909361031534956
0.11006891118790102
0.3081863946895249
0.3510249639792231
0.4161185756556902
0.0
0.5200678472913466
0.22120530233241015
0.2269230886556739
0.4387995559098642
0.11694869244076321
0.3201279493623156
0.1281952394728678
0.4016531419966661
0.4762222493190057
0.0
0.0
0.2243560814010351
0.31321866598815296
0.21178235940665352
0.08491849836995037
0.40120737672575874
0.17760515080599865
0.28130868546617915
0.4931316654130139
0.40060274061499923
0.0
0.12303073541918057
0.24027075151924804
0.3251761058627062
0.0
0.3221551376834659
0.10815734933800693
0.22651178816636008
0.23091857972610508
0.48731668050284366
0.4317321173664026
0.0
0.31264140803808604
0.08932258937922659
0.39863085692357736
0.15933289965756736
0.0
0.31141299479664003
0.49825602487747167
0.20448956814959715
0.18303449389166584
0.07221049808922117
0.4289427045123333
0.09204177125933088
0.0
0.3259778582800543
0.4210300461306671
0.0
0.125
0.25
0.375
0.5
0.375
0.25
0.125
0.0
