0.606945556306893 0.004188723449266466 151.0
0.608174512868242 0.012566170347799398 252.0
0.4662465928520537 0.025132340695598797 355.0
0.43548369015746374 0.04188723449266466 482.0
0.4562706892125581 0.06283085173899498 556.0
0.46926881672997983 0.0879631924345304 620.0
0.4713490424641131 0.11728425657925041 688.0
0.4690359910210144 0.15079404417290249 747.0
0.4620936119625569 0.1884925552107185 812.0
0.4603469323671274 0.23037978969043785 869.0
0.46189570173372124 0.2764557476242697 925.0
0.4614702140354194 0.3267204289754423 982.0
0.4563415702328389 0.3811738337043988 1040.0
0.4517675040069722 0.4398159622900211 1104.0
0.44108114024090633 0.5026468153174726 1163.0
0.4143972486388848 0.5696663906366103 1223.0
0.3829726086042275 0.640874684434795 1284.0
0.3535572882631416 0.7162717048952943 1347.0
0.3269424321524975 0.7958574687965434 1410.0
0.3021989211585392 0.8796319197771354 1474.0
