0.8299341095881139 0.6462648042586379 0.011418380764278976 
0.7695546359190475 0.6478764860671469 -0.02264085215101242 
0.7851218335305266 0.64941354113023 0.003151908243481811 
0.804144172934857 0.614780591139976 -8.304046914477894E-10 
0.8275063294027315 0.6080287523132748 0.013430776221147852 
0.841776861591628 0.6041892826120897 0.02279643249592298 
0.8069944802798692 0.5898506376280453 -0.004598660689884399 
0.80651592551331 0.5892803888411364 -0.00603222958258414 
0.8073629536370941 0.5896103877276809 -0.0017149053299322452 
0.8073797803541023 0.589464749525198 -0.0033791481742508588 
0.8034954070319831 0.5886789826157182 -0.009830937409635733 
0.8001850067112997 0.5897120969144004 -0.006625971870081019 
0.7970970705060492 0.5904625352825497 -0.008674205092920141 
0.8014201864227641 0.5892370539790761 -0.0093260062004402 
0.7997698370580365 0.5895967058468057 -0.010270591661631745 
0.8064551845245825 0.5962189937735561 -0.0016936669309683182 
0.8074822021969297 0.5990289155329405 -0.003577801642614166 
0.8059340607884098 0.5917765195603744 -0.006689883023941578 
0.8718251843634448 0.5990733037613654 0.062491214821948096 
0.8024320848199026 0.6458393202356304 0.03791867584670702 
0.814975762880281 0.6362236672570168 0.10716381930885886 
0.7548481684062203 0.6544586499057684 -0.016542350980445 
0.7630409247607011 0.6498971004950491 -0.022329882709772937 
0.769974563887325 0.6513848272809772 -0.009158128821628378 
0.7546578519406697 0.6569320860759684 -0.009017219204405822 
0.787849303683164 0.6467315681976595 -0.01594931268730356 
0.7846249016902733 0.6477934245215965 -0.012723723467951692 
0.8000062558455222 0.6473902673792665 -0.009656271622635873 
0.8098463167155474 0.6477200777067539 -0.002173755879918593 
0.7614180487989424 0.6456288022885617 -0.035519114029380384 
0.8041442268426975 0.6147806061109783 7.255057209459456E-8 
0.8041442105154972 0.6147805486385197 -5.822961780894252E-9 
0.8041441920314396 0.6147805801766615 -1.2048613454886435E-9 
0.805597357499078 0.6142594523123914 5.7330635448128634E-5 
0.8046456414075751 0.6145785698411487 2.898918705340584E-6 
0.8041441765731101 0.6147806158917221 -4.995847011095779E-8 
0.8041441255051055 0.6147806278688097 2.5778917880056564E-10 
0.8041441695727392 0.6147805935479402 -3.766613116222715E-9 
0.8041441723142267 0.6147805898505955 -7.730860229641092E-10 
0.9114860898885928 0.49969551081829755 0.14170370786611508 
0.9052568638255172 0.5523510485416505 0.009599923810336941 
0.8661609631398708 0.5854576143170749 0.0020818428157240326 
0.8542634285270756 0.5940453788623423 0.014711225846935412 
0.8967778903727799 0.564351244606529 0.015851085162997776 
0.8799774846076074 0.57732952886074 0.008531031337353102 
0.8684803666058769 0.5855810170556702 0.017078696642848144 
0.8629695086322979 0.5884910568275497 0.01132298472181867 
0.823080505803538 0.6073787862753025 0.00465822234354089 
0.834651003883315 0.6027823915155925 0.008458135318253575 
0.8308598254732735 0.642700679434896 0.023307018165310688 
0.8370480552427133 0.6436447443055717 0.018015589039221847 
0.8454807650645615 0.6421979685727803 0.016279558782661078 
0.85417542102914 0.6379410780671634 0.004009221845380217 
0.8433238764840174 0.6177111303528475 0.01601878150730347 
0.8120227520627812 0.6127852317885102 0.00374204725869366 
0.8242446115501321 0.6087783217256053 0.009408997706626898 
0.8615622959819719 0.5958278952791956 0.03241789274978156 
0.8742324452937151 0.5885929901132606 0.039491098349670115 
0.8306685479996518 0.6108614560492657 0.019907796580720095 
0.8193720940454827 0.6123660764700455 0.010523566786726505 
0.8397267318450023 0.6066275580936369 0.02337521887944094 
0.8339399370125895 0.6095620817237501 0.02179269886142166 
0.8373176471926911 0.6155956470237964 0.013862847056297749 
0.8021834057192927 0.5894101376936958 -0.009939776054779251 
0.8037714781429917 0.5891334276924978 -0.009483574984303906 
0.7989345280760869 0.5915754042417165 -0.011413100627687588 
0.8051744708626778 0.588573725113436 -0.008924883632020035 
0.8052106404736128 0.5887923216337285 -0.008117817258725403 
0.8061204058037429 0.5892554544172508 -0.007004692460266929 
0.8080663718531702 0.5895176611521857 -9.363725886473127E-4 
0.7963786433672917 0.5923978034538769 -0.012197484774916036 
0.7959416836879409 0.5916270788780306 -0.011571849577054675 
0.7938334989130784 0.5944364114873197 -0.01383515336666068 
0.8106978224004127 0.6020076425907809 -0.00896100785064112 
0.8092457693474319 0.6022502345476728 -0.006724350839230181 
0.8108365288961528 0.5956247722370815 -0.002231906238504461 
0.8094583403942124 0.5999046053414769 -0.004228351436764706 
0.7949906328020968 0.6085935347469148 -0.031509057055088135 
0.8006126181252822 0.6016582132093614 -0.016827697334876848 
0.8088050178420501 0.6015680013210947 -0.011714331321013433 
0.804503077178768 0.6030080115892575 -0.01685785440949717 
0.8061895381768163 0.6012937487890931 -0.011145780220822946 
0.8036775294547001 0.6011675489328762 -0.013032206559229452 
0.8032068904856673 0.6019652432691545 -0.01538806054430434 
0.8002581569116809 0.6030142867297259 -0.01960664027471832 
0.80224816091526 0.6035960904576863 -0.019708356339643136 
0.79570438895459 0.6057298336849002 -0.026127162340105054 
0.7977467983319101 0.6063765575859552 -0.027145099242613158 
0.7896113498963468 0.6006064186308939 -0.020327728383328025 
0.7895772710990285 0.6025660912497329 -0.022649104677068987 
0.7915040245126508 0.6037562473001041 -0.02402170881444305 
0.7970447079189058 0.6027301014580296 -0.0209217374696479 
0.7952885222383476 0.6038553458503599 -0.02332002626178798 
0.7927001764143036 0.5928710521943261 -0.012543062829685755 
0.7917742042124467 0.5944826668873436 -0.014035550098816183 
0.7950857913365661 0.5957650762553213 -0.01412141030099921 
0.807845881838539 0.5920542199275732 -0.003780769759079036 
0.8037594735162128 0.5912801958096513 -0.008937901909720505 
0.8035198016430312 0.5929838726425832 -0.008483339403540516 
0.8020556846372069 0.5914793308662729 -0.009900277746873486 
0.7992895713420864 0.5929387977474827 -0.01131234508529777 
0.7977774745223114 0.5951499532036322 -0.012446149772353865 
0.7860825425574136 0.6139767963828945 -0.040142748695701495 
0.628711724057022 0.6572028282312088 -0.10149541391194272 
0.6637073750301452 0.6707298256258529 -0.06669945869337572 
0.7872473452615593 0.6493926257741856 0.10103497029060293 
0.842199272121805 0.6467537914199613 0.0027013470511284155 
0.8509267188141934 0.6420220450049909 0.0035798487968224956 
0.8467268847477982 0.6440124756875942 0.007393552203702058 
0.7885606482730902 0.6505377647220492 0.029536547478666506 
0.7815947264251117 0.6520366408179588 0.016591797802390073 
0.7677230858384292 0.6549969180591212 0.006282719270429108 
0.7959881875269904 0.6474505212780765 0.004928028263602555 
0.7957961666162952 0.6475665379121778 -0.0016031938833668794 
0.8192759683003564 0.6451862849742631 0.017447540748300544 
0.8094600456259273 0.6457074318593711 0.015819499508867033 
0.8188513110019358 0.6463074734154552 0.010703257238319988 
0.8092419700888973 0.6473283971105723 0.0031417952280256237 
0.7453843923666648 0.650341500773731 -0.03717736471078194 
0.7390294774002396 0.6541811146855072 -0.035066991356030364 
0.7168108417094414 0.6546165436958054 -0.05420920079842481 
0.7553669463915135 0.636701917834134 -0.05356181000585404 
0.810307694647566 0.6446813045332845 0.023105418115537294 
0.8065737405747286 0.6440545603442553 0.03359463047345029 
0.7936518337604885 0.64863308090952 0.021330728398639205 
0.7948939662331946 0.6476227852304274 0.0159767701974455 
0.804542998463021 0.6146348756211842 1.1998068121322733E-4 
0.8107103468470691 0.6122718741395752 0.0011496578398831237 
0.8041427474902991 0.614780545672576 -5.655889396533158E-7 
0.8041966978154058 0.6147594314384375 2.617875231024483E-6 
0.8041323284565545 0.6147851309337575 -9.909441638037882E-6 
0.8041441624554827 0.6147806009970893 6.126609947400368E-9 
0.8041441820418199 0.6147805883126445 2.9041322712190826E-9 
0.8041441740156648 0.6147805910293653 6.8751296749286195E-12 
0.804144173974347 0.6147805909978923 -1.723243765882864E-11 
0.8041441738689032 0.6147805910600541 2.0154826462941333E-11 
0.8041441734758912 0.6147805913462494 -3.8514632018602946E-10 
0.8041441739469755 0.6147805909774835 -1.2606215934630577E-10 
0.804144173852719 0.6147805910334845 -4.72789055802378E-11 
0.8041441777839018 0.6147805892352628 -2.8489333200301908E-11 
0.8041441740516575 0.6147805910204265 -1.0276606076433331E-10 
0.8041441740136261 0.6147805907434394 -1.4722887099978953E-10 
0.8041441839466074 0.614780588470974 6.912381781514025E-9 
0.8041430102169709 0.6147809502494811 -2.4543667042306325E-7 
0.8041441209959994 0.6147806200345336 8.138293035383306E-8 
0.8041441400307627 0.6147806011769514 1.797899236985359E-8 
0.8041441855965554 0.6147805891755731 4.9776348252118755E-9 
0.8041441717329627 0.6147805921187862 1.1916111970318182E-9 
0.8041441715829365 0.6147805921648922 -1.6039641307936871E-9 
0.804144170097679 0.6147805933030923 2.591073824414751E-9 
0.8127920973818963 0.6115218836091386 0.0012241202718962156 
0.8246384279600708 0.6066459333447951 0.0031592444033242315 
0.8402928167265669 0.5999782058784322 0.00605446910771322 
0.8040988207166857 0.6148018915406014 -1.067210743021E-5 
0.804098608938508 0.614799513086474 -3.7627062825211664E-5 
0.8041445722037439 0.614780392363732 -1.0372831696754193E-8 
0.8041441541377266 0.6147806088336714 -2.350106706428509E-9 
0.8041441253423067 0.6147806128092707 -4.622882518359503E-8 
0.8041459543381249 0.6147797252622734 4.066974662778073E-7 
0.8041451376812658 0.6147801529002416 9.807497450974007E-7 
0.804144829478711 0.6147805143762957 8.645023070239715E-7 
0.8041449535261025 0.6147803421854728 -1.1470466235301788E-7 
0.8041453168525156 0.6147800783841073 3.173948709234076E-7 
0.8041441887803258 0.6147805856068966 5.394966011391869E-9 
0.804144228422127 0.6147805836532256 1.7743131085127652E-8 
0.8041441781344588 0.6147805862134353 4.266111953507238E-9 
0.8041441957281819 0.6147805768269412 -1.678792356228589E-8 
0.8041329688189514 0.6147860359391586 6.583464044003331E-7 
0.8041328421911984 0.6147853263324929 -1.1411064777456087E-6 
0.8041441614849705 0.6147805992492348 -2.726627931215384E-9 
0.8041441586526177 0.6147805971896811 -4.7780403184198145E-9 
0.8041441537686924 0.6147805987004821 -9.774032798748455E-9 
0.8480270693722824 0.5903357260338711 0.14644268043472475 
0.8387961049049152 0.6164310948808756 0.12420356388880992 
0.8816840845062488 0.5668427206913902 0.1395591629536408 
0.8715030972236417 0.5898559775255188 0.08319219913767849 
0.8850089747011818 0.5701095649533722 0.10718964991731866 
0.9315410537646962 0.5012504931252841 0.024453390385623663 
0.914400420995213 0.5387230248540094 0.023631486295180457 
0.9289792849676 0.4978998373834286 0.08183650540090917 
0.8547932635205129 0.6359624241636395 0.010926031412686239 
0.8490373258969215 0.6357442574965031 0.027995515046903063 
0.8499908389519639 0.6379399950053954 0.01973939204188198 
0.8556912578158675 0.6311570772294948 0.0070396414987523945 
0.8452894941931394 0.6192857214231557 0.0065603359291267 
0.8508909880945696 0.6229098526860744 0.006465482112467811 
0.8493452982258587 0.6199001289187955 0.030741691993423696 
0.830334160338411 0.6056267085289253 0.009188666385140607 
0.8454900133343535 0.60109219670829 0.02018371604639266 
0.8296127468586227 0.6066108289544633 0.011479216378538323 
0.8159818173408901 0.6106704067505706 0.005372199444154454 
0.8750932259276949 0.5945401232933986 0.05991044227061294 
0.8755603430407679 0.592728725409157 0.05257877023880405 
0.8639662234984808 0.5988947966530234 0.04278482429157755 
0.8710652512812391 0.5948779367572764 0.04710422233215562 
0.8543918605863536 0.6001397438792813 0.031330002775558384 
0.8622885627888126 0.5965461546020492 0.03588532013490022 
0.8972407224052779 0.5628040230747373 0.04270827130557886 
0.8842426946082123 0.5767582647282372 0.027093597750318013 
0.8955140044815504 0.5658763932051408 0.02965391477374822 
0.8624528407379108 0.5907039946263315 0.020941222016155288 
0.878623355937209 0.5822452611785037 0.029514145103853126 
0.8817176785981833 0.5813232349830582 0.036417057505164774 
0.8714626890534509 0.5881467756388725 0.03301142581670719 
0.847510769983549 0.5984731794970445 0.016375611458712164 
0.8530878668807729 0.5963179063259645 0.022080094564464553 
0.8614363732880885 0.6009809953973048 0.043069254233127637 
0.8489898338269388 0.6047241113665716 0.032376966642112 
0.8465066309953131 0.6073416352700206 0.032366867642744976 
0.8617246317508576 0.6097239901419987 0.0653900148159957 
0.8548404209192768 0.6154269062322535 0.06558368336287884 
0.8508070695052912 0.6185397575876586 0.04033941260359741 
0.8537834548329688 0.6201902291074519 0.0492295030098567 
0.8186737389388625 0.6132088071521111 0.009430946308131908 
0.8134890159388712 0.6138251944686177 0.0023018030545200545 
0.8122552657321561 0.6136661955855711 0.003728876296285572 
0.8062265636905361 0.6144441262171079 4.663599717107216E-4 
0.8083436377372397 0.6140587890767248 0.0018635280593005006 
0.8308923376215804 0.6149609875389811 0.005108643264668351 
0.8191215521598862 0.6140290008615799 0.002738955596613058 
0.824531104763176 0.6138616088803348 0.006930044197799819 
0.7995312599731264 0.5902476592649482 -0.0025535342953862004 
0.7957382432492949 0.5912202251209921 -0.005121772355072035 
0.8045727969957579 0.599203799032159 -0.008330068511998964 
0.806014164976875 0.6002982530913326 -0.008790252401890993 
0.8073656847392399 0.6009684889241405 -0.007092010830998899 
0.8064451517030725 0.6005095977014555 -0.005503088503723183 
0.804998148384225 0.5988381955503799 -0.00626646891315462 
0.8030641277703066 0.5965605474220377 -0.00826749117573477 
0.803146289522488 0.5984905950104169 -0.009176375019698934 
0.801946325902869 0.5954908859308636 -0.009294805379873584 
0.8015051069898541 0.6054906675398141 -0.025128731379195787 
0.803143877144251 0.6044071479304733 -0.02164566013174205 
0.8063669073349509 0.6032483542188563 -0.016827621693482616 
0.8060502205011328 0.604123225182981 -0.019966323319286022 
0.8080592581481153 0.6037015168541158 -0.02079675785489826 
0.8089474624902722 0.602334977596078 -0.014734876766846514 
0.8103170843079569 0.6022937760282329 -0.017357483053548332 
0.7959401951414964 0.6009336717708987 -0.0189017141809322 
0.7949986622007619 0.5975757329524946 -0.015634076165868153 
0.7984947990249255 0.6005452983807261 -0.016804980620709488 
0.7979659552253457 0.5990313035408661 -0.015234019285495703 
0.8068313777736775 0.5927709043848759 -8.045462920130562E-4 
0.8059576801639494 0.5958182511966144 -0.0024090632879734818 
0.8060556282665295 0.5960530745026897 -0.0036381054762825637 
0.8080376091869486 0.5916594151528949 -0.0017867817353099343 
0.8073681137551192 0.593114045301822 -0.002925201336998473 
0.8047574197450975 0.5973850198049449 -0.005835282282000986 
0.8054953583272094 0.5964364805610541 -0.0046194356168127865 
0.8040324862885441 0.5957624543691366 -0.006983474236135434 
0.8054895006435967 0.5934613392565665 -0.006014896745750639 
0.8063577651851909 0.5935395377613758 -0.0048793928190501695 
0.7859395785705215 0.6041521141081334 -0.02278905811327102 
0.7746617695261574 0.6230406151666523 -0.050002554509930526 
0.7598537332974007 0.6313667585764048 -0.05736630766394224 
0.7668907071363191 0.632738436892113 -0.050050819182822746 
0.7709113226639228 0.6292548185882136 -0.0484165176023901 
0.7803931196703411 0.6161749072754974 -0.02141760181463634 
0.7807888917334342 0.6112377400984292 -0.021489101462551403 
0.7802620744299587 0.6095995138648341 -0.015691741073709412 
0.7803784889246775 0.6192764579454544 -0.012771588750158911 
0.7819350169621596 0.6244443291102026 -0.01333075835101509 
0.7814575670251416 0.624882326511429 -0.023788009301616144 
0.7779620786613839 0.6215685211485444 -0.04481538915990119 
0.7813141971889298 0.6178206877201856 -0.04187502202649107 
0.7806239859453274 0.6168326384812096 -0.027680770880257003 
0.7804567297146722 0.6207640283797098 -0.029125107474449394 
0.7795944759120621 0.6209779083629008 -0.03538445236811341 
0.7811578974134089 0.6178931008575872 -0.03760222277049675 
0.7857068920925154 0.6066748575413399 -0.02612893457491547 
0.7832356174851753 0.6097431758656437 -0.026562314738873914 
0.7827151672785613 0.6130243907733737 -0.03067093925233725 
0.7836685233434236 0.6135558666158062 -0.03465530368811937 
0.7894884832646755 0.6063556097503668 -0.027257753926461712 
0.7912645244920816 0.6072656185419867 -0.02877371979232666 
0.7906104325210654 0.6092122851387085 -0.03201488316745347 
0.7873247076362782 0.6115939430872737 -0.034949661186873905 
0.6833672629150791 0.6613721580746679 -0.07146809706196014 
0.7087909969826388 0.6596648367457667 -0.0528937903048492 
0.6871177965611496 0.6686898063153806 -0.054296732311998705 
0.640035935267383 0.6550583594667496 -0.11235725797489834 
0.668099666401506 0.6569983154611887 -0.09240872377800469 
0.7267779960071084 0.6790740709851217 0.027062594714141824 
0.7775065137986606 0.6601082889225718 0.05965089866690579 
0.738504037065132 0.6718930463261348 0.053706991477063606 
0.7701104207107227 0.664553244258033 0.0709302989093098 
0.7607414148752085 0.660166839947943 0.010363479903005221 
0.7626118964827642 0.6649742430625132 0.03656297282870405 
0.7408945810424441 0.6727421914797032 0.022255981460885005 
0.7231081528143717 0.6738494245441013 -0.0033738189947191024 
0.7777016431255737 0.6569309536360952 0.03648052973495536 
0.7753226047419758 0.6559970844559516 0.025264342443276674 
0.6975157134862867 0.6776741802273039 0.0017105576848293403 
0.6961142520198145 0.6795499768062552 -0.018198356431404168 
0.6656210830365676 0.673223413340643 -0.04866707398184616 
0.7979945327462596 0.649295029598165 0.06615759772396884 
0.796183912868295 0.6478593797747293 0.0515334821981927 
0.8126884997671022 0.6409545784480124 0.04707954025688876 
0.8352520316054046 0.6280870853770698 0.06264689086505072 
0.8368826901237465 0.6283442765119313 0.05790648607982511 
0.8268349541955029 0.6347986972729849 0.05149837914199046 
0.8630017535275891 0.6024817538052136 0.07877466023706159 
0.8537564731916041 0.6147120717363426 0.06854644352315307 
0.8451395439752891 0.6200599963131466 0.06834184089310867 
0.8682896108315892 0.5992279926231386 0.0727496287312554 
0.8664003490686527 0.6029249375902679 0.06829238740996364 
0.8610406928239929 0.6089002820847675 0.06828893378599193 
0.8206514419219475 0.6491124586464245 -0.001659574291635654 
0.8364357032890819 0.6482658904142177 0.003938549703104309 
0.8302504860215425 0.6477079360622218 0.0058052131853333945 
0.8314478557817211 0.6493099342067219 -1.4810741080545803E-4 
0.8257055780360452 0.6497139731536707 -4.31625496163763E-4 
0.8204153121359914 0.6485235956229773 5.94705871040328E-4 
0.8200652691444547 0.6490281310831956 -0.002736430436579392 
0.7758073831014998 0.6136046819000344 -0.08672565963269749 
0.7482027475247578 0.6391736473392965 -0.05706550562859815 
0.7490342177517988 0.6441734383414108 -0.04677073016775631 
0.740071157123389 0.6472775155936574 -0.04927438973825307 
0.8269105338285492 0.6359285763766298 0.0469877957708031 
0.8173563381682829 0.6404487971088137 0.03915044499929143 
0.804144161500217 0.614780602644437 1.2761653445427092E-8 
0.8041441155069863 0.6147806102554011 -1.9304294857120884E-8 
0.8041440591436722 0.6147805921184938 -7.59735640912318E-8 
0.8041443904707095 0.6147804961704186 1.8858319168428112E-7 
0.8041526412572507 0.6147782989687444 -3.6357700125034917E-7 
0.8041483370170135 0.6147799322271625 2.5023741435712474E-6 
0.8077441848352052 0.6136992834201589 0.001825703859031605 
0.8076176536737416 0.6137002128710283 0.0013400761388785562 
0.804162874124509 0.6147757011427826 1.0071862438223087E-5 
0.8058819209268757 0.6141255169395479 3.51180516310042E-4 
0.8101366763751037 0.6126577538010662 0.0016209152516867553 
0.8173099361113585 0.6102827871285135 0.003912564203572254 
0.8060170933480892 0.6141818205737113 6.855552688598987E-4 
0.8130424827268599 0.6115155746895999 0.0028533226305524195 
0.8045605078887494 0.6146219105404138 2.6316023574637383E-5 
0.80658561737999 0.6138903153864506 4.904254069024673E-4 
0.8068430972023579 0.6137306891799732 1.665999869648232E-4 
0.8048269328851665 0.6145162307920232 9.87846467957189E-5 
0.8041426792016362 0.6147813462886083 -8.07510807520921E-8 
0.8041416697590975 0.6147814128655351 -8.472628625330692E-7 
0.804144181732281 0.6147805927899335 4.6768028408481054E-9 
0.8041441749642155 0.6147805914261224 5.818175026589537E-10 
0.8041441756406251 0.6147805900655741 1.8899441643800702E-10 
0.8041441847506261 0.6147805858328452 -2.8270274307142054E-10 
0.8041441826915106 0.6147805893390978 3.423553430991658E-9 
0.8041635977057413 0.6147719052499206 4.72257999349385E-6 
0.804186197303911 0.6147662441794997 1.656087846969512E-5 
0.8041616200382928 0.6147749129290607 7.974601629996397E-6 
0.8228957344939015 0.6068428404942937 0.0012554373558033394 
0.8114204526568392 0.612127193007589 1.6352531488706673E-4 
0.815742302097962 0.6100735873993285 0.0010492691261175476 
0.8399508970124487 0.5999487678227725 0.001651002617377454 
0.8330529951188421 0.6032150537113425 0.0032029146459146116 
0.8041442348301111 0.6147805955580605 6.327998587268762E-9 
0.8041442382418779 0.6147805190365552 4.2355667068780283E-7 
0.8041441961413537 0.6147805824850057 3.0250310026815444E-8 
0.8041443010353331 0.614780529979507 -1.5780437185246906E-8 
0.8041434827355325 0.6147810913138501 5.26545213563473E-7 
0.8041435619386241 0.6147807943576086 -1.6714855653037658E-8 
0.8041442581573155 0.6147804945849431 -1.7464575143721309E-7 
0.8041442625727471 0.6147805494915388 2.6514945669919227E-8 
0.8041443218792077 0.6147805293762472 3.367274788200835E-8 
0.8696281489285462 0.5890637443264077 0.09151436806402574 
0.8732967843226467 0.583908517301749 0.10336209678773944 
0.853436686047294 0.6046545447492965 0.09849815311608331 
0.8564945099402695 0.601243896350343 0.11230007238520112 
0.8950141159202005 0.5602398376423354 0.06909963347230366 
0.8980804203461825 0.5536957390582031 0.08553416407684614 
0.9100008904092445 0.5425432593277997 0.07559155989748045 
0.9027992415873493 0.5531736450448644 0.05077252257131296 
0.9110123326943922 0.5409996159252435 0.047640682452352465 
0.8528237214762848 0.6246735650833364 0.016854304319611782 
0.8546826877863523 0.6292524871338041 0.017508396991753477 
0.8524913137252854 0.6313736599149864 0.02892332354945979 
0.8523771154050702 0.6235835674548504 0.031948599755761746 
0.8518503768888791 0.6241790003936355 0.05070404399738368 
0.8471968538340906 0.6264230055213823 0.05365184431513294 
0.8916679544950841 0.5731147643330976 0.051965115059316155 
0.8869322804536837 0.5785327320709354 0.04752968679843521 
0.8818938828301972 0.5845727463401553 0.04925967993053916 
0.8806361002792805 0.5872468438395197 0.05448813798397395 
0.8890400611780882 0.5740440919456693 0.06629897216291686 
0.881358125996722 0.5831239530095487 0.07316558494210582 
0.8775088880417827 0.5895921105485791 0.06716786249728476 
0.8794216781464315 0.5888502912642342 0.061683566990973285 
0.8560389617653491 0.6067458002464288 0.04378574060949987 
0.8643764242222964 0.6080041800309806 0.062236973725926514 
0.8681086860247904 0.6031038726012543 0.05875260954802425 
0.8648581858179525 0.6026841211624652 0.051224264785240683 
0.8531167965283016 0.6182809779170271 0.06296728663633375 
0.84613562186008 0.6238836675740427 0.06004699224553913 
0.8487272747787351 0.6240452721423727 0.05764714589840449 
0.827565403956356 0.6128097711402004 0.016694486219011914 
0.8293052179206397 0.6135597782181568 0.016399050622549316 
0.8363854378320421 0.6115129661042943 0.02573017021138375 
0.837821515305951 0.6145030279837013 0.02327198978561037 
0.846221629807205 0.6150953667761535 0.03467744022538462 
0.8051217209186173 0.6145794066673655 3.34836908734983E-4 
0.8042213863090601 0.6147622589504212 2.2531945445922538E-5 
0.814090494866059 0.6130985672367262 0.0065678147281878355 
0.8088392375103536 0.613941562700308 0.0027843504765722752 
0.7954417182945634 0.5913322161922661 -0.0010528158489157453 
0.7890940411554836 0.5932344654302036 -0.001262980347141943 
0.7991735203467221 0.5965710275208345 -0.012090180432784186 
0.8007457340522659 0.596622852515781 -0.010813346071663867 
0.7994045348598433 0.5986483606201081 -0.01353396899618216 
0.8017818020596561 0.59964143197177 -0.012329144228594963 
0.8020200385259255 0.5986362788087958 -0.010630624040387653 
0.8205720683844655 0.5845257872849003 -0.00415859891238921 
0.790996229102702 0.5978010361531129 -0.01726584527077312 
0.7934569869817079 0.5980491200448005 -0.016876253633314603 
0.7912940114099791 0.5996073248834621 -0.01924405298895441 
0.7939062314013265 0.5999460928885733 -0.018791930815561828 
0.7868496455283283 0.5973571554757559 -0.01598768922615002 
0.7893471952489378 0.5967761903701909 -0.01632104289365511 
0.789853667803055 0.5953264408904007 -0.01469204253439036 
0.7791366501616674 0.6064187659084117 -0.002989648904482516 
0.7845786593249023 0.6031094057224298 -0.020134118311733847 
0.7864622539227806 0.6003143777714951 -0.019110738023217375 
0.7857223704089402 0.5991001884038234 -0.016881997472971016 
0.7799536721674862 0.6149669456864133 -0.06761331022616208 
0.7691634072824958 0.6378382567520602 -0.04281004752277431 
0.7639349602320231 0.6403932206964034 -0.04368779027431071 
0.7803557630566759 0.6451668358139524 -0.025277040591395294 
0.7684735806406453 0.6438880305989294 -0.03477591600506424 
0.7798500202482659 0.6174422566609477 -0.005285455185267498 
0.7790997536696626 0.6104644716879817 -0.003212830632722123 
0.7791780906617634 0.6123639458219229 -0.008229860131489188 
0.7838102019493085 0.6276276974307221 -0.005890256459971509 
0.7903391588240405 0.6352659449218914 -0.003744868171816921 
0.7873679412916404 0.6329538438110461 -0.009360592309938978 
0.8451717075189988 0.5186245138890784 -0.14199576055361363 
0.7771154736278623 0.6201604742016953 -0.05236194735413545 
0.7673386041027417 0.6244722718239715 -0.05941650743759711 
0.7672294885395112 0.6231706364350229 -0.06347479692479822 
0.790739878630199 0.6119625136565432 -0.05278221030942573 
0.7813524518265984 0.6166884423902925 -0.0605507742598604 
0.7261793638013718 0.6691877915581241 -0.012115332385632761 
0.7444421705039195 0.6644756305998832 -0.0020071873675100273 
0.7104567919666748 0.6685695287493025 -0.0331895089453529 
0.738413514799193 0.6612823448037363 -0.01771053055365976 
0.7217393392267121 0.6629526701698112 -0.032916692452604944 
0.8248826758166634 0.6313828511197782 0.08981082739294309 
0.8154336611814275 0.6374831281496647 0.07516893826089127 
0.8447334383917988 0.6148332216478759 0.09023967782858597 
0.8259604622906958 0.6306208680692252 0.07084188689602233 
0.8501838183288623 0.6117072788426476 0.08038525346823747 
0.8420788979221865 0.6208767143716231 0.07390717387134439 
0.819729390069017 0.6361961283555742 0.06285769700856773 
0.8245513226067185 0.6342003302728918 0.060154135358191946 
0.8077758297252366 0.6425399219991121 0.05441649421963654 
0.8129693129446738 0.6409691962776549 0.05228661563536345 
0.8143458300487385 0.6486050478773759 -0.004766766148912938 
0.8078072265217242 0.6467748006188015 -0.007795636241011296 
0.8127191205538138 0.6484086269498684 -0.006975531427432711 
0.8060275265641477 0.6456361779023838 -0.004552885853933758 
0.7959454833825914 0.6398585105817662 -0.003686911168543526 
0.7984545107150773 0.6423286747915915 -0.007841866136310736 
0.7908836048921 0.6387960028879404 -0.018545898202465046 
0.7822710361587007 0.6291527731092901 -0.026691692039725608 
0.7860499216147279 0.6337793044616914 -0.020351221947731195 
0.776082923964653 0.631672201496815 -0.04057338555636593 
0.7796792497026785 0.6265775399946432 -0.034614785216240083 
0.7775573812699439 0.6271017967649317 -0.04037464332308276 
0.6900084719435363 0.6463317341502568 -0.10749242463467039 
0.7144148274765622 0.6376077001211928 -0.0983509783184608 
0.7586803384153953 0.6200738896202087 -0.10077724282748912 
0.7312926693468046 0.6433345085889745 -0.06340018540986446 
0.7155005814336854 0.6467706945987093 -0.07327550279850442 
0.7197648339278523 0.6411609453624039 -0.08577913516324426 
0.749817615330181 0.6269547860435029 -0.08575284146024204 
0.7597855156794389 0.6241559071209694 -0.07498354014190206 
0.7396503185834233 0.6373432380437904 -0.06774050947255009 
0.7512773113463678 0.6295737599366695 -0.07196687865312822 
0.8043300388236017 0.614723901168245 7.42093018258146E-5 
0.8045471589060031 0.6146542546465747 1.68363172865164E-4 
0.805333489031147 0.6144141280862192 5.100037322341601E-4 
0.804231069488532 0.6147442167872608 4.762354452308712E-6 
0.8041380278983824 0.6147811796053381 -4.233990658609776E-7 
0.8041385143234723 0.614771349814757 -1.0517852309825192E-5 
0.8041306607688622 0.6147870064139682 3.6927273972125193E-6 
0.8042136725746962 0.6147550280025407 9.392121355795081E-8 
0.804140881571273 0.6147807099628553 -8.03525786994337E-7 
0.8041418758770638 0.6147825404420814 6.307254325383727E-7 
0.80493264039146 0.6145319046966116 3.0010178900378374E-4 
0.8044274187602761 0.6147029354647586 1.0691477388071696E-4 
0.80417179621454 0.6147700244653131 -5.248645516927083E-7 
0.8041487724235004 0.6147794788928768 -9.384177679674323E-7 
0.804144016621491 0.6147806252563867 -1.3525208936753284E-7 
0.8041440209604673 0.6147806783690744 -2.2257926153929083E-8 
0.8041440985696324 0.6147805417207125 -2.1215382771575884E-7 
0.8041456310068968 0.6147798264903638 6.022500144433719E-7 
0.804142910745685 0.6147810825350006 -8.752652667261905E-7 
0.8041444209902813 0.6147801767308421 -1.3042985338816779E-6 
0.8041442426344975 0.6147808017435479 3.76572664828658E-7 
0.8041428435834918 0.6147810562047744 1.4834963938664258E-7 
0.804144245031655 0.6147806510563494 3.231408026915843E-7 
0.8041448916950988 0.6147803602906134 3.604803509286239E-7 
0.8041446598870785 0.6147804647089385 9.41485400205368E-8 
0.8522884164452693 0.6266859342251713 0.039410160212307255 
0.8506624343261863 0.626668067587146 0.046240937082097894 
0.8510490872646176 0.6302271341645777 0.03669173275143238 
0.833520669825841 0.634429639640536 0.046540229745267905 
0.8413497889333383 0.6311108142534031 0.049330592690693606 
0.8451329942164221 0.6310914174549185 0.04581900937962766 
0.8454726263416992 0.6330413314419381 0.04035230380653103 
0.8428959941161978 0.6362574353346075 0.03487541786735132 
0.8337306323160749 0.6398079774846896 0.03176144160152401 
0.8231327293844515 0.640762283625377 0.032732007853584974 
0.8244514049888364 0.6388975776192609 0.03911461344014264 
0.855411485009864 0.6091470818849601 0.04543486349402403 
0.8464580664213905 0.6111307921943936 0.03598644584062773 
0.8497291605234969 0.6134881660152411 0.041296964397265504 
0.8046147142395987 0.6146654225694914 4.783406000319832E-5 
0.8042769599568785 0.6147450225890734 2.144827339294724E-5 
0.8043656518503786 0.6147104007234683 9.236983642551179E-5 
0.8044333860516145 0.6147077511271555 1.511598323705203E-4 
0.8045281540726579 0.6146833654121713 1.781578243551939E-4 
0.8050390849932676 0.6145507033886801 3.983578734259147E-4 
0.8066574002211455 0.6143327747074809 0.0014804778541450475 
0.8053324418225947 0.6144669778674615 6.161134697648558E-4 
0.823397013615998 0.6107295180707144 0.012808200054175486 
0.8143722368383339 0.6124709484712642 0.006370461126988112 
0.8256301648160992 0.6099038855412751 0.013405448394201156 
0.818337793369692 0.611293649773681 0.007924792338056957 
0.8106025306774329 0.6131158338767754 0.0033259091167581784 
0.8078904479240399 0.6137967537243506 0.0018583570622385664 
0.8086117424459167 0.6137083260696444 0.002792744317748 
0.8153183333313365 0.5897454504311652 -0.001932902989469149 
0.8131487388584673 0.5966339895366235 -0.0041275002174198955 
0.8169969496031266 0.5931540161721948 -0.0050191884081720916 
0.7817534120449012 0.5973973046017658 -0.0019947233880903957 
0.7891808777910634 0.5930423525551638 -0.00578946779235816 
0.7867616241609972 0.5938253797210634 -0.0032191586024644756 
0.7839526604680767 0.5951762838691996 -0.0021811390619244373 
0.7830346735596256 0.5957551872454094 -0.0041677231664513596 
0.7805226847792168 0.6059159506137515 -0.014625646942734855 
0.7821798725152471 0.6033945877241012 -0.017206047381095973 
0.7796964377411075 0.6047726911451226 -0.007217918956000184 
0.8030448958065703 0.6060597049014795 -0.028570859681095014 
0.8071129103065702 0.6045294434268522 -0.02587048201741393 
0.8091077217558162 0.6031690389166927 -0.027499027427728855 
0.7861099458929253 0.6149955270306833 -0.04832338766291454 
0.7915312459524618 0.6123416250788267 -0.04800176357407818 
0.7990902639153346 0.608632904943887 -0.04069635746618169 
0.7868994127285476 0.6447463383477932 -0.02305349754471097 
0.7986852826024878 0.6468795882524572 -0.014201251679257265 
0.8038330504380108 0.6472018182987669 -0.012189299026779933 
0.7807090785555706 0.6368420845366298 -0.03406714070255279 
0.7899292915925116 0.639876776166554 -0.023814615319408435 
0.7786859944876456 0.6397259558214452 -0.03450899960521742 
0.7861298381530438 0.6433309257167065 -0.026325833806376993 
0.79817685204287 0.6444322209129798 -0.016834409227713287 
0.796613080891156 0.645089971261065 -0.01869448373536015 
0.7992490824353913 0.5816637240468043 -0.14438231048943934 
0.7187056137490071 0.6332322166878319 -0.1217878221357391 
0.80396714133587 0.5906866750681472 -0.10966206466616171 
0.7679009320555699 0.6150768992371417 -0.11033933894673281 
0.724177365127679 0.6122700266932989 -0.15319168584528284 
0.6776209492034948 0.6388897939020172 -0.1354787679128419 
0.8041410913874454 0.6147839672796207 5.850137555900789E-7 
0.8041435266913812 0.6147801100024517 -7.01925420690045E-6 
0.8042220037948646 0.6147507030913033 1.9236201002380227E-5 
0.8041443972391464 0.6147774566278774 8.068112958622209E-7 
0.8047124975968533 0.6146157792330267 1.491573490359052E-4 
0.8046066996031872 0.6145933340318226 1.49085948349364E-4 
0.8614488986358906 0.6113219067358876 0.05921386532504064 
0.859672545284185 0.6110252012070969 0.053929282723935504 
0.8575055330711985 0.6159558501783626 0.061228268646525974 
0.8552307582643484 0.6186716256233535 0.058240690626759566 
0.855786641796915 0.6174420317049425 0.05411174823544575 
0.8561672015906903 0.6141258914817259 0.05076627757738049 
0.8127387919071001 0.6028333761204003 -0.008619342237850833 
0.8135874946346011 0.6011834733691193 -0.006356036947382303 
0.8145441917949401 0.6020543990847937 -0.010308400485923278 
0.8158528425226306 0.6005640345567385 -0.00793616728516307 
0.7880336301127902 0.5934938348289835 -0.008555929711843746 
0.7883307293678848 0.5946225236828793 -0.013262654641783476 
0.7914160291292972 0.5925180403697972 -0.010080571557881297 
0.7907226708456526 0.5931742037714 -0.01194133435520121 
0.7804438004578558 0.6003023800304458 -0.0033223211303718926 
0.7803273786942896 0.6016607009973081 -0.007599541955398053 
0.7813785746305888 0.5981192256100576 -0.005290900239165614 
0.7833283182684991 0.5992248282905306 -0.014085846614617457 
0.7819907409931803 0.6009789315381261 -0.01316712569090599 
0.834494832887698 0.5580454451491896 -0.008980597693776656 
0.8199478863985591 0.5792334765634233 -0.08408642840283637 
0.8223311667668388 0.5895683596578338 -0.010379032778743337 
0.828279622092281 0.5846341944928163 -0.015445435384686176 
0.790073752592652 0.612680495782498 -0.03946606105852586 
0.7905835453906707 0.6126862789998047 -0.04207893008794582 
0.7953249624896817 0.609306202496354 -0.03431540035649415 
0.7997524578530697 0.6078427338082253 -0.033102373614688735 
0.7979015030828164 0.6091354404888382 -0.03803358381509796 
0.7855097163215896 0.5966313995120225 -0.013651429463250559 
0.7863402496041494 0.5952969906510819 -0.01244627867901313 
0.7854976453160063 0.594929314170415 -0.009645757629656897 
0.783705506694496 0.5956649904889202 -0.007717248898787712 
0.783501323569951 0.5976205872807142 -0.011957454314036562 
0.7827215117585993 0.5971703037730858 -0.00895563783828339 
0.86008522345807 0.5033835579626196 -0.015814716164652624 
0.8608811498060158 0.5130733476118507 -0.07191949502107192 
0.8389830823366653 0.5691728503012118 -0.0699163840397768 
0.8412816262488969 0.5587084980511442 -0.02261623980408509 
0.8381585599246338 0.5737475573732675 -0.04064903884427355 
0.7915163835642419 0.6086820942378853 -0.0649010149509546 
0.7941014938429263 0.6055993333531475 -0.07349872332646201 
0.8189722505477528 0.599075450875598 -0.015452319482635077 
0.8128694209311471 0.6001506969428064 -0.017518724572075622 
0.815343470680908 0.6001159259936661 -0.013772804155487126 
0.8131662405090291 0.6002974826647289 -0.02312863203833226 
0.8290245209507845 0.5794901572425337 -0.03906816761743999 
0.8260005341767924 0.5876016933148046 -0.025452430758562426 
0.8150535487432685 0.5968504305342797 -0.02561056506126706 
0.8189779174345474 0.5951949393135612 -0.02218509934587954 
0.8205973305412105 0.5913206524968733 -0.028726983600630196 
0.816465622223634 0.5945262138921639 -0.03598067590674245 
0.800666072039677 0.6062297971436953 -0.048791433080175854 
0.801719827705792 0.6038195757530969 -0.053950761121207 
0.8132781931088946 0.5989205624053293 -0.032885883264961155 
0.8043833081441073 0.6051268111946968 -0.03964225945132708 
0.8087511851474886 0.6027535892944611 -0.034215221314275304 
0.8086652391134864 0.5985811993436655 -0.05224084365574452 
0.8157961549036661 0.5949968121308999 -0.04481041158305505 
0.8218253560335105 0.5851472097963101 -0.04971777039617367 
0.8150904805642757 0.590449288435744 -0.06724736652256243 
0.8055268652316883 0.5989210093468682 -0.06751819887487182 
