0.0
0.0
0.0
0.0
0.0
0.0
0.0
0.0
0.0
0.0
0.0
0.0
0.0
0.0
0.0
0.0
0.0
0.0
0.0
0.0
0.0
0.0
0.0
0.0
0.0
0.0
0.0
0.0
0.0
0.0
0.0
0.0
0.0
0.0
0.0
0.0
8.583789520291303E-6
0.0
0.0
0.0
0.0
0.0
0.0
0.0
0.0
0.0
0.0
0.0
1.4348034419188998E-5
7.699261287570525E-5
0.0
0.0
0.0
0.0
0.0
0.0
4.310248394339795E-4
0.0
0.0
0.0
0.0
0.0
0.0
3.495838755724793E-5
1.6304597914482206E-5
3.1496887863813036E-6
0.0
0.0
4.0486569740399585E-4
0.0
0.0
0.0
0.0
0.0
6.414359328828407E-4
0.0
0.0
0.0
0.0
0.0
0.0
0.0
8.29249742606087E-5
0.0
0.0
0.0
0.0
0.0
0.0
0.0
0.0
4.2815759545982285E-5
0.0
1.0956786405358807E-7
1.4326068882154018E-4
0.0
0.0
1.220828398428405E-4
0.0
0.0010496037289306815
0.0
0.0
0.0
0.0
0.0
0.0
2.136059192824885E-4
0.0
7.900838880154849E-6
0.0
0.0
0.0
0.0
0.0
0.0
0.0
0.0
0.0
0.0
0.0
0.0011851327682224468
0.0
0.0
0.0
0.0
0.0
0.0
0.0
0.0
0.0
3.247047345007612E-4
0.0
0.0
0.0
0.0
0.0
1.3688618792870454E-4
1.053760393696171E-4
4.7331324727659574E-4
0.0
1.755147294668978E-4
0.0
0.0
4.3198441763546984E-8
0.0
0.0
1.4461270063928128E-4
0.0
0.0
2.0512877687747273E-4
7.368806402613178E-4
0.0
1.4712851387692457E-5
0.0
0.0
0.0
0.0
0.0
0.0
7.14550334176251E-6
0.0
0.0
1.4388637192771166E-4
0.0
0.0010611483048172646
1.4429491180825572E-6
0.0
0.0
1.1212433724242821E-4
0.0
0.0
0.0
2.4312059969873027E-6
0.0
4.123512235084603E-6
2.743627337616585E-4
0.0
1.3381780358828425E-5
2.0961542692982795E-5
0.0
0.0
0.0
3.057376603319783E-6
6.365018756369934E-5
0.0
2.0461631627668862E-6
0.0
0.0
0.0
0.0
0.0
0.0
0.0
0.0
0.0
0.0
0.0
0.0
0.0
0.0
0.0
0.0
0.0
0.0
0.0
0.0
0.0
0.0
9.7168280929757E-5
0.0
0.0
0.0
0.0
2.491754062923446E-5
0.0
0.0
0.0
0.0
0.0
0.0
0.0
0.0
0.0
0.0
0.0
0.0
0.0
2.2518823975404023E-6
0.0
1.3644341623078411E-4
0.0
0.0
0.0
2.255278744797405E-5
0.0
0.0
0.0
0.0
0.0
0.0
0.0
0.0
0.0
0.0
2.668387636696026E-4
0.0
0.0
3.1770547307692956E-6
1.0104778536719015E-5
0.0
0.0
0.0
0.0
0.0
0.0
0.0
0.0
0.0
0.0
8.761638583859734E-6
0.0
0.0
0.0
0.0
0.0
0.0
0.0
0.0
1.2008494455507794E-5
0.0
2.823914132401251E-5
0.0
0.0
0.0
0.0
0.0
0.0
0.0
0.0
5.425955103152817E-6
1.1622457548435324E-5
0.0
0.0
0.0
0.0
0.0
0.0
0.0
0.0
0.0
7.813243868284444E-4
0.0
0.0
0.0
0.0
0.0
0.0
0.0
0.0
0.0
0.0
0.0
0.0
3.187284336939346E-4
0.0
0.0
0.0
0.0
2.0805266813295457E-6
0.0
0.0
0.0
0.0
4.7117025441174175E-8
0.0
0.0
0.0
3.3752540008267736E-4
0.0
0.0
3.966606975307311E-5
0.0
0.0
1.1025805706953622E-5
0.0
2.589397631267366E-5
0.0
5.524736576024887E-5
0.0
5.994228471994794E-5
2.515135714448251E-5
0.0
0.0
0.0
0.0
6.227222664439818E-5
0.0
0.0
0.0
1.955216117182163E-4
0.0
0.0
0.0
0.0016459928691054837
0.0
1.788100184028832E-5
0.0
0.0
0.0
0.0
0.0
0.0
0.0
0.0
1.500473620115497E-5
0.0
0.0
0.0
0.0
0.0
0.0
0.0
0.0
0.0
0.0
4.1887932543028955E-6
0.0
0.0
0.0
0.0
0.0
1.4971994075883752E-6
0.0
0.0
0.0
0.0
1.558227953839266E-5
0.0
0.0
0.0
0.0
0.0
0.0
0.0
0.0
0.0
0.0
0.0
0.0
0.0
0.0
0.0
0.0
0.0
4.93319877107057E-5
0.0
0.0
0.0
0.0
0.0
7.323100168868742E-6
0.0
0.0
0.0
0.0
0.0
0.0
0.0
0.0
1.948557114518896E-5
0.0
0.0
0.0
8.321584017945698E-5
0.0
0.0
0.0
0.0
0.0
0.0
0.0
0.0
0.0
0.0
0.0
0.0
0.0
5.464991309415313E-6
0.0
8.450276901961226E-5
0.0
3.1457773684369153E-6
0.0
0.0
0.0
0.0
0.0
0.0
0.0
0.0
0.0
1.908411828526814E-6
0.0
0.0
0.0
0.0
0.0
0.0
0.0
0.0
0.0
0.0
0.0
0.0
0.0
0.0
0.0
0.0
0.0
0.0
0.0
0.0
0.0
0.0
0.0
0.0
0.0
1.6248613547058964E-5
0.0
2.8838142656757833E-5
0.0
0.0
0.0
0.0
7.879746983669395E-4
0.0
0.0
0.0
0.0
0.0
0.0
0.0
0.0
1.0130058168161974E-5
0.0
0.0
1.2875635877955443E-6
2.888854302933225E-7
3.9410581944575066E-5
0.0
0.0
1.1022518917781734E-5
0.0
0.0
3.1814440616926777E-8
0.0
0.0
0.001038665513384556
0.0
0.0
0.0
0.0
3.620822135401295E-5
0.0
0.0
0.0
0.0
0.0
0.0011010597756980387
0.0010715719917484838
1.8977491206234904E-4
0.0
0.0
0.0
0.0
0.0
0.0
0.0
0.0
0.0
1.7656522045698396E-5
0.0
0.0
0.0
0.0
0.0
0.0
0.0
0.0
0.0
0.0
8.796383650285896E-6
0.0
0.0
0.0
0.0
0.0
0.0
0.0
0.0
0.0
0.0
0.0
1.6258867761610783E-5
0.0
0.0
0.0
0.0
0.0
0.0
0.0
0.0
0.0
0.0
0.0
3.1975948592133733E-6
0.0
0.0
9.892099191835564E-7
0.0
0.0
4.75326263021651E-4
0.0
0.0
6.689049903745075E-5
0.0
0.0
0.0
0.0
0.0
0.0
0.0
0.0
0.0
0.0
0.0
0.0
0.0
0.0
0.0
0.0
0.0
0.0
0.0
0.0
0.0
0.0
0.0
2.656229353771798E-5
0.0
0.0
0.0
2.556978112850612E-4
2.4251873493726507E-4
0.0
0.0
0.0
0.0
0.0
1.1253328010801312E-4
0.0
1.7780724492823418E-4
0.0
0.0
0.0
0.0
0.0
8.872756017196585E-6
3.9706169904232504E-4
0.0
0.0
9.918589244769198E-6
0.0
9.215822909607049E-4
5.0827273230721034E-5
0.0
0.0
0.0
0.0
0.0
0.0
0.0
0.0
0.0
0.0
0.0
0.0
0.0
0.0
2.521972072089156E-4
0.0
0.0
3.242919520782949E-5
0.0
0.0
0.0
0.0
0.0
0.0
1.280498143517353E-5
0.0
0.0
3.2200712574832765E-6
0.0
0.0
0.0
0.0
0.0
0.0
0.0
0.0
0.0
1.4688164358714085E-4
0.0
1.5982030929855428E-5
0.0
3.2944515850730216E-4
6.391519502959885E-5
0.0
0.0
1.3212101752545615E-5
9.585496127145992E-6
0.0
0.0
0.0
0.0
0.0
0.0
3.90210849074952E-5
0.0
0.0
0.0
0.0
0.0
0.0
0.0
2.632713966627305E-4
0.0
0.0
1.2257025405573517E-5
0.0
2.704352208638665E-4
0.0
0.0
0.0
2.923928368037874E-5
0.0
0.0
0.0
0.0
0.0
0.0
0.0
0.0
0.0
0.0
0.0
0.0
4.8347698598505673E-5
0.0
0.0
0.0
0.0
4.0566878110249126E-4
0.0
0.0
0.0
0.0
0.0
0.0015806666883957149
0.0
0.0
0.0
0.0
0.0
0.0
0.0
5.491898839318938E-5
0.0
0.0
0.0
4.226657833915559E-4
0.0
1.144571215392735E-6
0.0
0.0
0.0
0.0
0.0
4.405699144098891E-5
0.0
0.0
0.0
0.0
0.0
0.0
0.0
0.0
0.0
0.0
4.612300178075658E-5
5.5759110482085475E-5
0.0
0.0
0.001076484190297894
2.3376783477080206E-4
0.0
0.0
0.0
0.0
0.0
2.6186683668270806E-4
0.0
0.0
3.232911053762358E-5
0.0
0.0
0.0
0.0
0.0
2.4724496911585883E-5
2.13927984339186E-4
1.6045653805080718E-4
0.0
0.0
4.859949081656289E-6
0.0
1.7622722047018392E-5
0.0
0.0
2.275839547354219E-5
0.0
0.0
0.0
0.0
0.0
2.4449792973354497E-5
0.0
0.0
0.0
0.0
0.0
0.0
0.0
0.0
2.869026125671958E-6
0.0
0.0
0.0
1.0204841568445263E-4
0.0
0.0
0.0
0.0
0.0
0.0
0.0
0.0
3.3127433391417145E-5
0.0
0.0
0.0
0.0
0.0
2.3956946117285814E-4
0.0
0.0
0.0
0.0
1.686930963439851E-5
0.0
9.268770345366388E-6
0.0
0.0
0.0
2.0120998272469328E-4
0.0
0.0
7.82933599003706E-4
0.0
0.0
0.0
0.0
5.767429746223513E-6
0.0
0.0
0.0
3.9722828305581314E-5
0.0
8.58771295635054E-5
0.0
0.0
0.0
0.0
0.0
0.0010450192977828822
0.0
1.0796920544891143E-5
0.0
0.0
0.0
0.0
0.0
0.0
1.0680936920874267E-6
0.0
0.0
1.8907334406043089E-4
1.278472164975714E-4
1.0507934836681647E-4
0.0
0.0
3.5794823482913176E-5
0.0
0.0
0.0
0.0
0.0
0.0
0.0
0.0
0.0
0.0
0.0
0.0
0.0
0.0
0.0
0.0
4.313123665100266E-5
0.0
0.0
0.0
0.0
0.0
0.0
0.0
0.0
0.0
0.0
1.2605743660666537E-5
1.686820925766717E-5
0.0
0.0
0.0
0.0
0.0
6.620415404257125E-7
0.0
2.027564195380854E-4
0.0
0.0
0.0
0.0
0.0
0.0
0.0
0.0
0.0
0.0
0.0
0.0
0.0
0.0
0.0
0.0
1.9415070419472554E-4
1.0801824492327916E-4
0.0
0.0
0.0
0.0
0.0
7.114997060499451E-4
0.0
2.8150629937410977E-5
0.0
0.0
0.0
1.9788005959008455E-7
0.0
2.183154689990327E-4
9.414264959924296E-5
0.0
0.0
0.0
0.0
8.944275191638612E-6
2.2592445372841194E-6
0.0
0.0
0.0
0.0
8.365400259879084E-6
0.0
0.0
0.0
0.0
3.0555225554820665E-5
1.0915082480180419E-4
0.0
2.584678783114153E-6
0.0
3.480726289151435E-4
0.0
2.4492677848693975E-4
0.0
6.992338407428132E-5
0.0
1.9723973737530522E-4
0.0
0.0
0.0
0.0
0.0
0.0
0.0
0.0
0.0
0.0
0.0
2.150874867509625E-5
0.0
0.0
0.0
1.97672755005206E-4
2.557769167515969E-4
0.0
0.0
6.572201970265154E-6
1.3382696894427456E-4
0.0
0.0
0.0
0.0
0.0
1.4221518336608373E-6
9.462331378480927E-6
0.0
0.0
8.422351423376393E-6
0.0
6.548542987247934E-5
4.579095574112718E-6
0.0
0.0
0.0
0.0
5.42590106926145E-6
0.0
2.0268223287456993E-6
1.6948596187185406E-5
7.266613380077173E-5
0.0
3.61391849634382E-5
1.1062312178536075E-4
1.2111142118601725E-6
0.0
0.0
0.0
0.0
9.792234843481753E-5
0.0
0.0
0.0
0.0
0.0
0.0
0.0
0.0
0.0
0.0
0.0
0.0
0.0
0.0
0.0
0.0
0.0
0.0
0.0
6.081328668109706E-5
0.0
6.363718523297364E-5
0.0
0.0
0.0
0.0
0.0
0.0
0.0
0.0
0.0
0.0
0.0
0.0
0.0
0.0
0.0
0.0
0.0
0.0
0.0
1.4737373239913222E-5
0.0
0.0
0.0
0.0
0.0
0.0
0.0
0.0
0.0
7.171124195376912E-6
0.0
0.0
0.0
3.0045916364125755E-6
0.0
0.0
1.62415797927625E-5
0.0014874694254299178
0.0014443203958278362
0.0
0.0
0.0
0.0
0.0
0.0
2.553694206728559E-7
0.0
0.0
0.0
0.0
0.0
0.0
0.0
3.5260287663235156E-5
0.0
0.0
0.0
0.0
0.0
0.0
0.0
1.3612914606818935E-5
0.0
0.0
0.0
0.0
0.0
0.0
0.0
1.529026703736638E-6
0.0
0.0
0.0
0.0
0.0
0.0
0.0
0.0
0.0
5.672537583775007E-5
0.0
0.0
0.0
0.0
0.0
0.0
0.0
0.0
0.0
0.0
0.0
0.0
0.0
0.0
0.0
0.0
0.0
0.0
0.0
0.0
2.8624434894019257E-5
0.0
5.9981978799161085E-6
2.0565676003786396E-5
0.0
0.0
0.0
0.0
0.0
0.0
0.0
0.0
0.0
0.0
4.076975308993366E-4
1.318602691260942E-4
1.362252744602983E-4
0.0
0.0
0.0
0.0
0.0
0.0
4.075098228224634E-5
0.0
0.0
0.0
0.0
0.0
0.0
0.0
0.0
0.0
0.0
0.0
0.0
1.1485612799200723E-6
0.0
0.0
0.0
0.0
0.0
0.0
0.0
0.0
0.0
0.0
0.0
0.0
0.0
0.0
3.855587272206376E-4
2.937242888605307E-4
3.138232023834564E-5
8.162607894545034E-4
0.0
0.0
9.985813571447876E-4
1.9141242458223858E-4
0.0
8.707926332666886E-5
0.0
0.0
0.0
0.0
0.0
0.0
1.3410839333065732E-4
0.0
0.0
0.0
0.0
0.0
0.001128669086248066
0.0
0.0
5.653068731899072E-4
0.0
0.0
0.0
0.0
0.0
0.0
0.0
2.9864511228094177E-5
5.35850633085355E-6
0.0
0.0
0.0
5.9193304980942546E-5
0.0
0.0
1.2374188713940926E-4
0.0
0.0
0.0
3.29984078141774E-5
0.0
0.0
0.0
0.0
7.521676592565232E-5
2.213344093346739E-5
0.0
0.0
0.0
0.0
0.0
0.0
0.0
0.0
0.0
4.458881050372128E-5
0.0
0.0
0.0
0.0
0.0
3.7675173359555094E-4
4.7123315148489276E-4
0.0
0.0
1.67703487042507E-4
0.0
0.0
0.0
5.8759856578598346E-5
4.778779259802497E-6
5.04003998823957E-6
0.0
0.0
0.0
0.0
0.0
0.0
0.0
0.0
0.0
0.0
0.0
0.0
9.878825423189701E-5
0.0
5.863320207562466E-5
1.7196817428748214E-5
0.0
0.0
0.0
0.0
1.1306839811797335E-5
0.0
0.0
0.0
0.0
0.0
3.0446669407027517E-5
0.0
5.1847219545995546E-5
1.6791448930052936E-6
0.0
0.0
0.0
5.9271425886923E-5
0.0
2.4931142801671294E-6
0.0
0.0
0.0
0.0
0.0
0.0
0.0
0.0
0.0
1.8563498736521558E-4
0.0
1.2006281877523449E-5
0.0
1.0651549232142671E-4
1.75565975924494E-4
0.0
0.0
0.0
0.0
0.0
0.0
0.0
0.0
0.0
9.889450814187694E-7
0.0
0.0
0.0
1.9754974889672916E-5
0.0
0.0
0.0
0.0
0.0
0.0
0.0
0.0
1.8532996089326294E-6
0.0
0.0
0.0
0.0
0.0
1.0276103907067891E-5
0.0
0.0
0.0
0.0
0.0
7.148594511756511E-6
0.0
0.0
0.0
0.0
2.495362782885245E-5
0.0
0.0
0.0
0.0
0.0
7.263481096784146E-5
0.0
0.0
2.55398211823301E-4
5.365874118833326E-5
0.0
0.0
0.0
0.0
0.0
0.0
0.0
2.1337628192544426E-4
4.906794180557739E-6
0.0
3.627162056115168E-5
0.0
1.4585747902813343E-5
0.0
0.0
0.0
0.0
0.0
0.0
0.0
1.9022666395279797E-5
1.6808097337686657E-7
0.0
0.0
0.0
0.0
0.0
0.0
0.0
2.369244435292532E-5
0.0
0.0
0.0
5.958360355821671E-5
6.98244117187085E-5
1.5117063362049004E-5
1.8335529613109691E-6
0.0
0.0
0.0
0.0
0.0
0.0
0.0
1.5158087849051062E-5
0.0
0.0
0.0
6.026600927000943E-6
0.0
0.0
7.267997614130495E-5
0.0
0.0
0.0
0.0
0.0
0.0
0.0
0.0
0.0
2.309126999935942E-6
0.0
0.0
0.0
0.0
0.0
0.0
0.0
1.0022775988758178E-5
0.0
0.0
0.0
0.0
0.0
0.0
0.0
0.0
0.0
0.0
0.0
0.0
0.0
0.0
0.0
0.0
0.0
0.0
0.0
8.335324858843194E-5
5.340834692191552E-4
0.0
3.557433017038859E-5
0.0
0.0
0.0
0.0
0.0
0.0
0.0
0.0
0.0
0.0
0.0
0.0
0.0
0.0
1.5592518351503423E-4
2.0958680348705096E-5
1.1205462669998676E-5
0.0
4.2362335114918696E-5
0.0
0.0
0.0
0.0
0.0
0.0013099495003613194
0.0
0.0
0.0
0.0
2.1119985668068867E-7
0.0
0.0
0.0
0.0
0.0
0.0
0.0
1.0009035457059307E-4
0.0
0.0
0.0
0.0
0.0
0.0
0.0
0.0
0.0
0.0
0.0
0.0
0.0
0.0
4.99212671574268E-4
0.0
0.0
0.0
0.0
4.2193327058391914E-4
3.573410512226476E-7
0.0
0.0
0.0
0.0
2.65704635311286E-4
2.1968736678821055E-4
0.0
0.0
3.104119778183651E-5
0.0
0.0
0.0
0.0
0.0
0.0
0.0
0.0
3.0684192058340185E-4
3.694858228616465E-5
0.0
0.0
0.0
0.0
0.0
0.0
0.0
3.6627389962953646E-5
0.0
0.0
0.0
0.0
1.8588856243022867E-5
0.0
0.0
0.0
0.0
0.0
1.6950608225391647E-5
0.0
4.189245833009796E-5
0.0
3.1550822222027167E-7
0.0
0.0
0.0
0.0
0.0
0.0
0.0
0.0
0.0
0.0
0.0
7.952483539227678E-6
3.3084004990068227E-4
8.383738241442513E-6
0.0
0.0
7.081051070319408E-6
0.0
0.0
3.480410774026037E-5
0.0
0.0
2.619453882073053E-5
0.0
0.0
0.0
0.0
0.0
0.0
1.710410335424549E-5
0.0
0.0
2.6462729064812495E-6
0.0
0.0
0.0
0.0
0.0
0.0
0.0
0.0
0.0
0.0
0.0
0.0
1.0532698119929368E-5
7.677029519285834E-5
0.0
0.0
0.0
0.0
0.0
0.0
0.0
0.0
0.0
0.0
0.0
0.0
0.0
0.0
3.3050242353882904E-5
3.246600359370636E-5
0.0
0.0
0.0
0.0
0.0
0.0
0.0
0.0
0.0
0.0
0.0
0.0
0.0
0.0
0.0
0.0
0.0
0.0
9.14489818666741E-5
0.0
2.183933299618373E-6
0.0
0.0
0.0
4.350193715082291E-5
1.999139177862701E-4
0.0
0.0
0.0
0.0
0.0
0.0
0.0
0.0
0.0
2.536511639960787E-4
4.073526752382773E-6
4.650481910075404E-6
0.0
0.0
1.3003048755431115E-5
0.0
0.0
0.0
0.0
0.0
0.0
1.8032922098368054E-6
0.0
0.0
0.0
0.0
0.0
0.0
0.0
5.003755884163597E-6
0.0
6.969176981134493E-5
0.0
0.0
0.0
0.0
1.9301945475417742E-5
2.828158883569013E-5
0.0
0.0
0.0
5.4237100031825484E-5
4.574435945065077E-4
0.0
0.0
0.0
0.0
0.0
8.059694597192346E-5
0.0
0.0
0.0
0.0
0.0
0.0
9.020275100807146E-5
0.0
0.0
0.0
1.6851454143529258E-4
1.2395812446381113E-4
0.0
0.0
0.0
0.0
0.0
0.0
0.0
0.0
0.0
0.0
0.0
0.0
0.0
0.0
0.0
3.3652224053598885E-5
1.1694807257048494E-6
0.0
0.0
8.917691468792613E-4
0.0
0.0
0.0
0.0
2.2147201905775173E-5
0.0
0.0
0.0
3.9095026182172027E-4
3.849080980321723E-5
0.0
0.0
0.0
0.0
0.0
0.0
0.0
0.0
0.0
0.0
0.0
0.0
0.0
0.0
0.0
0.0
0.0
0.0
0.0
0.0
0.0
0.0
0.0
0.0
0.0
0.0
7.643595986260624E-6
0.0
0.0
0.0
0.0
0.0
0.0
0.0
1.4776571844087E-4
0.0
0.0
0.0
0.0
0.0
0.0
4.556948464001463E-5
8.811522256145103E-6
7.574874941414411E-4
0.0
0.0
0.0
0.0
0.0
0.0
0.0
0.001120757673704931
2.7614833004468274E-5
0.0
0.0
0.0
1.2650695458266912E-4
0.0
4.017785019736668E-7
0.0
0.0
0.0
2.6099284490648954E-6
0.0
0.0
0.0
0.0
0.0
0.0
0.0
0.0
0.0
0.0
0.0
0.0
0.0
0.0
0.0
5.473669220617742E-9
0.0
0.0
0.0
0.0
0.0
0.0
0.0
0.0
5.1171047278766266E-8
0.0
0.0
1.2198882768611553E-6
0.0
0.0
0.0
4.8133037627980454E-4
0.0
0.0
0.0
0.0
0.0
0.0
0.0
0.0
0.0
0.0
0.0
0.0
0.0
0.0
0.0
9.570022714745134E-5
0.0
9.876726709504113E-4
3.17206343871024E-5
0.0
0.0
0.0
5.867412384650666E-5
0.0
3.888777795620795E-6
0.0
0.0
0.0
0.0
0.0
0.0
4.8801432653035864E-5
0.0
0.0
0.0
0.0
0.0
0.0
0.0
2.7921277969545523E-5
0.0
0.0
0.0
0.0
0.0
0.0
0.0
0.0
0.0
0.0
0.0
0.0
3.331235094322998E-6
0.0
0.0
0.0
0.0
0.0
0.0
2.061711129741252E-4
0.0
0.0
0.0
0.0
8.197782819094257E-6
1.284297808498361E-5
0.0
0.0
0.0
0.0
0.0
0.0
0.0
0.0
0.0
0.0
0.0
0.0
0.0
0.0
0.0
0.0
0.0
0.0
9.518239175508614E-9
0.0
0.0
0.0
0.0
5.764129872705837E-7
0.0
0.0
0.0
0.0
0.0
0.0
0.0
0.0
0.0
0.0
0.0
0.0
0.0
0.0
0.0
0.0
0.0
0.0
0.0
0.0
0.0
0.0
0.0
0.0
0.0
0.0
0.0
1.4016850771590273E-6
1.1542831523911918E-5
0.0
0.0
0.0
0.0
2.0552490484700794E-9
0.0
0.0
0.0
0.0
0.0
0.0
0.0
0.0
0.0
0.0
0.0
1.5398317682719837E-6
5.271909530204473E-4
0.0
0.0
0.0
0.0
0.0
0.0
0.0
0.0
0.0
0.0
0.0
0.0
0.0
0.0
0.0
1.2086181873888732E-4
0.0
0.0
6.157919590769398E-8
0.0
0.0
0.0
2.6336138102922536E-4
0.0
0.0
0.0
0.0
0.0
0.0
7.383484521677969E-4
2.0393773197483777E-4
0.0
0.0
3.411889099504832E-4
0.0
0.0
0.0
0.0
0.0
0.0
0.0
2.1146279456403362E-4
0.0
0.0
0.0
0.0010154993864376308
0.0
0.0
0.0
0.0
0.0
0.0
0.0
0.0
0.0
0.0
0.0
0.0
3.7143645446391306E-4
0.0
0.0
0.0
0.0
3.252702186425203E-5
0.0
0.0
0.0
0.0011814846400199038
0.0
2.1047829934708857E-4
7.032169400145048E-5
0.0
0.0
1.7127408801820768E-5
0.0
0.0
1.7508191402120043E-5
0.0
1.535105827278558E-6
6.74325760672381E-5
0.0
0.0
0.0
0.0
3.5848877235136173E-6
0.0
0.0
4.137733512543888E-5
0.0
0.0
0.0
0.0
0.0
0.0
0.0
0.0
0.0
0.0
0.0
7.807211961280511E-7
0.0
0.0
0.0
0.0
2.2207235772940843E-5
0.0
0.0
0.0
0.0
0.0
0.0
0.0
0.0
0.0
0.0
0.0
0.0
0.0
0.0
0.0
0.0
0.0
0.0
0.0
0.0
2.0992100054122433E-4
0.0
0.0
0.0
0.0
0.0
0.0
0.0
7.344347832688983E-4
0.0
2.868408015354814E-4
0.0
0.0
0.0
0.0
0.0
0.0
0.0
0.0
0.0
0.0
0.0
0.0
3.736420968811778E-5
3.3435454058028096E-5
1.2818861845833054E-5
0.0
0.0
0.0
0.0
0.0
0.0
0.0
0.0
0.0
0.0
0.0
0.0
0.0
1.566583794319927E-5
0.0
0.0011446614492029794
0.0
0.0
6.5780615099278464E-6
0.0
0.0
0.0
0.0
0.0
0.0
0.0
0.0
0.0
2.75865930333248E-5
2.0523256324272835E-5
1.9195147119593033E-5
0.0
0.0
0.0
0.0
0.0015839117812605132
0.0
0.0
0.0
6.234248973756213E-5
0.0
0.0
0.0
1.9344000920506228E-5
0.0
0.0
0.0
3.928619668987929E-4
9.777623411181351E-4
3.732106851072152E-6
5.786678081548626E-5
0.0
0.0
0.0
0.0
0.0
4.4241946993458104E-4
4.2894933498253696E-4
0.0
5.4342686337643446E-6
0.0
4.05163341556528E-7
0.0
0.0
0.0
0.0
0.0
0.0
0.0
0.0
0.0
0.0
0.0
0.0
0.0
0.0
0.0
0.0
0.0
2.5832141731892833E-5
0.0
1.765812003018723E-5
0.0
0.0
0.0
0.0
0.0
0.0
0.0
0.0
0.0
0.0
0.0
0.0
6.192532742426573E-5
0.0
0.0
1.1478514062667157E-5
0.0
0.0
0.0
0.0
0.0
0.0
0.0
0.0
0.0
0.0
0.0
3.450926925297943E-6
0.0
0.0
0.0
0.0
0.0
0.0
1.9764002370622242E-5
2.099154575333775E-5
0.0
0.0
0.0
3.41818092826443E-5
0.0
6.85028646484281E-6
0.0
0.0
0.0
3.94821383363454E-6
0.0
0.0
0.0
0.0
1.0990473536052171E-4
0.0
0.0
0.0
0.0
0.0
0.0
0.0
0.0
0.0
0.0
0.0
0.0
8.362347946955815E-8
0.0
0.0
0.0
0.0
0.0
8.741133261472871E-6
0.0
5.684153370929589E-5
0.0
0.0
1.2367360222216166E-5
0.0
5.480965847505881E-4
0.0
0.0
7.237724587683095E-6
0.0
0.0
4.903169662804491E-5
0.0
0.0
0.0
0.0
0.0
0.0
0.0
0.0
0.0
0.0
0.0
0.0
0.0
0.0
9.106943936357225E-4
0.0
0.0
0.0
0.0
0.0
0.0
0.0
0.0
0.0
0.0
0.0
0.0
5.762911752246638E-4
0.0
0.0
0.0
5.281059450098737E-5
0.0
0.0
0.0
0.0
0.0
0.0
0.0
1.0942264900430728E-5
1.6620411444977565E-4
8.163024343167139E-5
1.2013941749556852E-5
1.4994633841622142E-5
0.0
0.0
0.0
0.0
0.0
0.0
0.0
1.9268184006513466E-5
4.970712655043488E-4
0.0
0.0
2.5997806175950334E-6
0.0
0.0
0.0
0.0
0.0
0.0
0.0
0.0
0.0
0.0
0.0
0.0
0.0
3.286681643244626E-4
0.0
0.0
0.0
1.3580133384271698E-5
1.171564555747794E-4
0.0
0.0
0.0
2.1918135318973294E-5
0.0
0.0
0.0
0.0
1.914504692477533E-5
0.0
0.0
0.0
0.0
0.0
3.7189139077200667E-4
0.0
0.0
0.0
0.0
0.0
0.0
0.0
0.0
0.0
0.0
0.0
0.0
0.0
0.0
0.0
0.0
1.5844899947523454E-5
0.0
0.0
0.0
0.0
0.0
3.2330709810415655E-5
0.0
0.0
2.7586048034341597E-5
9.094833127419044E-6
0.0
2.378948572723097E-5
0.0
2.974203838421568E-4
0.0
0.0
0.0
0.0
0.0
0.0
0.0
0.0
0.0
0.0
0.0
1.0523217264448838E-8
0.0
0.0
0.0
0.0
0.0
1.5360144927767635E-4
1.3700140249742326E-4
0.0
0.0
0.0
0.0
0.0
0.0
5.236565696007209E-4
3.866348238628145E-4
0.0
0.0
0.0
0.0
0.0
2.2406353533747865E-5
0.0
0.0
0.0
0.0
0.0
0.0
0.0
0.0
0.0
0.0
0.0
0.0
0.0
1.1369156714780097E-5
2.6514306042497667E-5
1.847047657755082E-4
0.0
1.7755181033221317E-5
0.0
0.0
1.3246755135572809E-5
0.0
0.0
0.0
0.0
3.299994847307435E-5
0.0
0.0
0.0
0.0
0.0
3.7132226914214445E-5
0.0
0.0
0.0
0.0
0.0
0.0
0.0
0.0
0.0
0.0
0.0
0.0
0.0
7.367945559536366E-6
0.0
7.069565919735051E-5
0.0
0.0
0.0
0.0
0.0
0.0
0.0
8.025639164372541E-11
6.450868715676452E-4
4.754290160428464E-4
0.0
0.0
0.0
0.0
6.170321084619652E-5
0.0
0.0
0.0
0.0
0.0
0.0
3.315439426917678E-5
0.0
0.0
6.845641309846339E-5
8.511744288393633E-4
0.0
3.590314417019016E-6
0.0
0.0
0.0
0.0
0.0
0.0
0.0
0.0
5.112465811976208E-4
0.0
0.0
0.0
0.0
1.606662710353215E-4
0.0
0.0
0.0
0.0
0.0
0.0
4.514721208972335E-5
0.0
0.0
0.0
0.0
0.0
1.2808164822239286E-4
0.0
0.0
5.2674822498739214E-6
0.0
0.0
0.0
0.0
0.0
0.0
0.0
0.0
0.0
0.0
2.478198184017056E-4
0.0
0.0
8.802850952858279E-6
0.0
0.0
0.0
3.931178871374E-4
0.0
0.0
0.0
0.0
0.0
4.1726271273600916E-4
0.0
0.0
0.0
0.0
0.0
0.0
0.0
0.0
0.0
0.0
9.339354683824108E-5
0.0
0.0
0.0
0.0
0.0
0.0
0.0
0.0
0.0
0.0
0.0
0.0
0.0
0.0
0.0
0.0
0.0
0.0
0.0
0.0
0.0
0.0
0.0
0.0
0.0
0.0
0.0
0.0
0.0
0.0
8.391664149095894E-7
0.0
0.0
0.0
6.08711756397565E-5
0.0
0.0
0.0
0.0
0.0
0.0
0.0
0.0
0.0
0.0
0.0
0.0
0.0
0.0
0.0
0.0
0.0
0.0
0.0
0.0
0.0
2.5240163522536727E-5
0.0
0.0011127898327545833
0.0
0.0
0.0
0.0
0.0
0.0
0.0
0.0
0.0
0.0
0.0
0.0
0.0
0.0
2.3686283423426455E-8
1.85640692692782E-5
0.0
0.0
0.0
9.918709375427676E-6
0.0
0.0
0.0
2.5843183892498867E-6
0.0
5.506818605744202E-6
0.0
0.0
1.5799572039155535E-6
6.621390375111223E-5
0.0
0.0
0.0
4.286165507336693E-4
0.0
0.0
0.0
2.8644162542029095E-7
0.0
0.0
0.0
0.0
0.0
0.0
0.0
0.0
2.4448190892631524E-4
2.3623989898889198E-5
2.1872541531872635E-5
0.0
1.2379276031297582E-5
4.622511335379353E-5
0.0
0.0
0.0
3.7012717549829427E-4
0.0
0.0
4.808510989432703E-5
0.0
0.0
2.774743487053686E-4
0.0
0.0
0.0
0.0
0.0
5.731529157202818E-5
1.3513703160758029E-4
0.0
0.0
0.0
0.0
0.0
0.0
1.3544710213580549E-5
0.0
0.0
0.0
0.0
0.0
0.0
0.0
0.0
2.2357089913428447E-4
0.0
4.350329611173859E-4
8.32839807713196E-5
0.0
7.22215999259363E-6
1.918778895523482E-5
0.0
1.619835109444419E-5
0.0
0.0
0.0
0.0
0.0
0.0
0.0
0.0
0.0
0.0
0.0
0.0
0.0
0.0
0.0
0.0
0.0
8.39286068703069E-6
0.0
1.1669317703214421E-4
0.0
0.0
7.440448339077437E-4
0.0
0.0
0.0
0.0
0.0
1.0167956348376404E-4
0.0
0.0
0.0
0.0
5.446198855037033E-6
0.0
0.0
0.0
0.0
0.0
0.0
0.0
0.0
0.0
0.0
0.0
0.0
0.0
1.4433952363651485E-4
0.0
0.0
0.0
0.0
0.0
0.0
0.0
0.0
5.573885028112467E-4
0.0
0.0
1.7134456835312477E-4
5.712571460556403E-6
3.354148328900496E-4
0.0
0.0
0.0
0.0
0.0
0.0
0.0
0.0
8.025819875145489E-6
0.0
0.0
0.0
0.0
0.0
0.0
3.259338347518073E-5
0.0
0.0
0.0
0.0
0.0
0.0
0.0
0.0
1.4584736548326636E-5
0.0
0.0
0.0
0.0
0.0
0.0
0.0
0.0
0.0
0.0
0.0
0.0
0.0
0.0
0.0
0.0
0.0
0.0
0.0012518924735537903
3.3843837211856983E-4
0.0
0.0017812865896907764
6.889895437334127E-4
0.0
0.0
0.0
0.0
7.579157165203606E-5
0.0
0.0
0.0
0.0
0.0
0.0
0.0
0.0
0.0
2.6790651508093584E-5
0.0
3.2647899226141083E-6
0.0
4.399886952184059E-4
0.0
0.0
6.975911658578068E-6
1.9069534142021312E-4
0.0
0.0
0.0
0.0
0.0
0.0
0.0
0.0
0.0
0.0
2.781170862182491E-5
0.0
0.0
0.0
0.0
0.0
0.0
0.0
0.0
0.0
0.0
0.0
0.0
0.0
0.0
0.0
0.0
0.0
0.0
0.0
0.0
0.0
0.0
0.0
0.0
0.0
0.0
0.0
5.404139164649838E-5
0.0
0.0
0.0
0.0
0.0
6.471170234068012E-5
0.0
0.0
0.0
0.0
0.0
0.0
0.0
0.0
3.609343217895739E-5
3.479079401945788E-4
0.0
0.0
0.0
0.0
0.0
0.0
0.0
8.688415650084396E-6
0.0
0.0
0.0
5.715454662353031E-5
0.0
0.0
0.0
0.0
3.392163376473672E-4
0.0
0.0
0.0
0.0
0.0
0.0
3.06774406952432E-5
0.0
9.623594768293284E-6
0.0
0.0
0.0
0.0
0.0
0.0
0.0
0.0
0.0
0.0015751230466433145
0.0
0.0
0.0
3.1128359847219034E-8
0.0
0.0
0.0
0.0
0.0
2.5234851305908307E-4
0.0
0.0
0.0
0.0
1.4416240120451506E-4
0.0
0.0
0.0
0.0
0.0
0.0
0.0
0.0
0.0
0.0
0.0
1.562341870573862E-5
0.0
0.0
0.0
0.0
0.0
3.3678939507227636E-5
0.0
0.0
0.0
0.0
0.0
0.0
0.0
0.0
0.0
0.0
0.0
0.0
0.0
0.0
0.0
0.0
0.0
2.854560714949842E-11
0.0
0.0
0.0
4.5596368852331025E-5
0.0
0.0
5.2997975928961824E-5
0.0
0.0
0.0
4.677778995806684E-6
0.0
0.0
0.0
0.0
0.0
0.0
0.0
0.0
0.0
0.0
0.0
0.0
0.0
0.0
0.0
0.0
0.0
0.0
0.0
0.0
0.0
0.0
7.676479080779507E-6
0.0
0.0
0.0
0.0
0.0
2.3415400757627352E-5
1.3681516684404453E-4
0.0
1.5523593759569034E-4
0.0
0.0
0.0
0.0
0.0
3.7465627264845074E-5
0.0
0.0
0.0
5.808627669983404E-4
0.0
0.0
0.0
0.0
0.0
0.0
0.0
0.0
0.0
0.0
7.436361480069589E-4
3.5504244163533764E-4
0.0
0.0
0.0
0.0
4.3048393105168985E-4
0.0
0.0
0.0
0.0
0.0
0.0
4.713438292355054E-5
0.0
0.0
7.733493729906735E-6
0.0
0.0
0.0
0.0
0.0
0.0
0.0
0.0
0.0
0.0
0.0
0.0
0.0
9.695008480087386E-4
0.0
0.0
0.0
2.2189385983794178E-4
0.0
0.0
0.0
0.0
0.0
0.0
0.0
9.133616084201205E-6
5.253774340457433E-5
2.0756387506014277E-4
1.697112969346826E-4
1.6070226576322548E-4
0.0
0.0
0.0
0.0
8.595629889168798E-6
0.0
0.0
0.0
0.0
0.0
0.0
0.0
0.0
2.3926160327147064E-5
0.0
0.0
0.0
0.0
0.0
0.0
7.716767449093679E-6
0.0
0.0
0.0
0.0
0.0
0.0
0.0
0.0
4.09849526441968E-6
0.0
0.0
1.676247619411775E-4
2.8062130453084823E-4
0.0
0.0
1.3034201641598476E-6
0.0
0.0
0.0
0.0
0.0
0.0
0.0
0.0
8.097798784505488E-4
0.0
3.581326538994697E-5
0.0
0.0
2.6248425609839513E-5
2.4743325712212637E-5
0.0
5.66748870371831E-6
0.0
0.0
0.0
0.0
0.0
0.0
0.0
0.0
0.0
0.0
0.0
0.0
0.0
0.0
0.0
0.0
0.0
0.0
0.0
1.1183757186494644E-4
0.0
0.0
0.0
0.0
0.0
0.0
1.8779194989917418E-6
0.0
0.0
4.756918349217317E-4
0.0
0.0
0.0
0.0
0.0
0.0
0.0
0.0
1.0723808497129793E-4
0.0
0.0
0.0
0.0
0.0
3.5865308724016874E-5
0.0
0.0
0.0
0.0
0.0
0.0
0.0
0.0
0.0
0.0
0.0
1.5588606132557438E-6
0.0
0.0
0.0
0.0
0.0
1.9085590791646006E-4
8.434899421834406E-4
0.0
0.0
0.0
0.0
0.0
0.0
0.0
0.0
0.0
0.0
0.0
0.0
0.0
0.0
0.0
0.0
0.0
1.41237370079644E-5
0.0
5.395177342608118E-6
7.900307045248486E-7
0.0
0.0
0.0
0.0
0.0
1.4408998318791218E-4
1.764475768126765E-4
0.0
2.9170129292341265E-5
0.0
4.784218311950131E-4
8.579882624859204E-4
0.0
0.0
0.0
0.0
0.0
2.2420254915117684E-8
0.0
4.9116016278266734E-5
0.0
0.0
6.7302435279348E-5
0.0
0.0
0.0
0.0
0.0
3.4906129235494446E-4
0.0
0.0
0.0
0.0
0.0
1.4502283947399523E-5
5.969751285201789E-5
0.0
0.0
0.0
2.792625114889076E-5
2.1859498270198663E-5
0.0
2.1863446931917836E-5
0.0
0.0
0.0
0.0
0.0
0.0
0.0
8.173792280517643E-4
0.0
0.0
0.0
0.0
0.0
0.0
0.0
0.0
0.0
0.0
0.0
0.0
0.0
0.0
0.0
0.0
3.899834886980788E-5
0.0
0.0
0.0
0.0
0.0
0.0
0.0
0.0
0.0
0.0
2.7816253275095677E-6
7.002680207329192E-6
7.046934288712018E-4
0.0
0.0
0.0
0.0
0.0
0.0
0.0
0.0
0.0
0.0
0.0
5.453181825481138E-5
0.0
2.5104278124456298E-6
0.0
0.0
0.0
0.0
0.0
0.0
0.0
4.447509876116686E-6
1.5296730929830243E-5
0.0
0.0
0.0
6.677864562821071E-6
0.0
0.0
0.0
0.0
0.0
0.0
0.0
0.0
3.027721078179866E-7
0.0
0.0
2.5153684141269103E-5
0.0
0.0
0.0
0.0
5.986392240110581E-5
6.0813054933637705E-5
1.2389501530009065E-4
0.0
0.0
0.0
0.0
1.9573591022796317E-4
0.0
0.0
0.0
0.0
0.0
0.0
0.0
0.0
0.0
0.0
0.0
0.0
0.0
0.0
6.933068218433525E-4
6.39711157543828E-6
0.0
0.0
0.0
1.2452282741136524E-4
8.230574826106283E-5
0.0
0.0
0.0
0.0
0.0
0.0
0.0
0.0
0.0
0.0
0.0
0.0
0.0
0.0
0.0
0.0
0.0
0.0
0.0
0.0
0.0
0.0
0.0
0.0
8.316875687614391E-5
0.0
0.0
0.0
1.47568876329764E-4
0.0
0.0
0.0
0.0
0.0
0.0
0.0
0.0
0.0
0.0
0.0
0.0
0.0
0.0
0.0
0.0
2.715988037828927E-6
0.0
0.0
0.0
0.0
0.0
0.0
0.0
0.0
0.0
0.0
4.5315640535653935E-6
0.0
0.0
0.0
0.0
6.599244849673997E-4
0.0
0.0
0.0
4.023501107227629E-5
0.0
3.7980919053008704E-4
1.367468094460629E-4
0.0
0.0
2.155022909502978E-5
0.0
2.397600234009405E-5
0.0
0.0
0.0
5.097087746611135E-5
0.0
0.0
0.0
0.0
0.0
0.0
0.0
0.0
0.0
0.0
3.853954440982029E-6
0.0
0.0
0.0
0.0
0.0
3.9089332832487155E-5
0.0
0.0
0.0
0.0
0.0
0.0
0.0
0.0
0.0
0.0
3.749604507192886E-5
0.0
2.872329244619482E-4
1.348107281387098E-4
0.0
0.0
0.0
0.0
0.0
0.0
0.0
0.0
0.0
0.0
0.0
8.381364747045577E-6
0.0
0.0
0.0
0.0
0.0
1.7272569217764252E-5
0.0
0.0
1.9643904926368284E-4
1.3400948879175239E-5
0.0
0.0
0.0
0.0
0.0
0.0
0.0
5.2136225023275875E-5
0.0
0.0
4.1920668552299713E-4
0.0
0.0
0.0
0.0
0.0
0.0
5.946642529570397E-4
0.0
0.0
0.0
0.0
0.0
0.0
0.0
0.0
0.0
7.943399415005981E-6
0.0
0.0
0.0
0.0
0.0
3.094198135720726E-4
0.0
0.0
0.0
0.0
0.0
0.0
0.0
0.0
0.0
0.0
0.0
0.0
0.0
2.277550945215976E-7
0.0
0.0
0.0
0.0
0.0
0.0
0.0
0.0015917026442613072
0.0
0.0
1.179855249909388E-4
0.0
0.0
0.0
0.0
1.7468156955848715E-5
0.0
1.0391093577524339E-6
0.0
0.0
0.0
0.0
0.0
0.0
0.0
5.262294945787747E-5
0.0
0.0
0.0
0.0
0.0
0.0
2.4221965708885006E-6
4.651032071766434E-6
0.0
0.0
0.0
0.0
0.0
0.0
0.0
0.0
0.0
0.0
0.0
1.3491066035837472E-5
2.2294055060366685E-7
0.0
0.0
0.0
0.0
0.0
0.0
0.0
0.0
0.0
0.0
0.0
0.0
0.0
0.0
0.0
0.0
0.0
0.0
0.0
0.0
0.0
0.0
1.0528618565124925E-4
0.0
0.0
0.0
0.0
0.0
0.0
0.0
0.0
0.0
0.0
9.32741378344399E-5
0.0
0.0
1.9063767127716128E-5
0.0
0.0
3.834509946857313E-6
0.0
0.0
0.0
0.0
0.0
0.0
0.0
0.0
0.0
1.7556852152975788E-4
1.6559931114270738E-4
0.0
0.0
0.0
0.0
6.482891692084659E-6
0.0
0.0
0.0
0.0
0.0
0.0
0.0
0.0
0.0
0.0
0.0
0.0
0.0
0.0
0.0
0.0
0.0
8.886956927205137E-5
0.0
0.0
0.0
0.0
0.0
1.4649237254579962E-5
2.3670841155580385E-5
1.4291036730343582E-4
0.0
0.0
0.0
0.0
0.0
1.2707636691556016E-4
0.0
0.0
1.5807097714282645E-5
0.0
0.0
4.033180673760784E-6
0.0
0.0
0.0
0.0
0.0
0.0
0.0
0.0
1.9970662914603592E-5
0.0
6.773782541811334E-7
2.9764748883277363E-5
4.8454125540372566E-5
0.0
0.0
0.0
0.0
0.0
2.9674937761935962E-5
0.0
0.0
0.0
1.0726389671908482E-5
0.0
0.0
3.5378561156432665E-4
0.0
0.0
0.0
0.0
0.0
0.0
0.0
0.0
2.6558751134075903E-4
0.0
0.0
0.0
0.0
0.0
0.0
0.0
0.0
0.0
2.089976912722851E-4
0.0
0.0
0.0
0.0
1.1283280771663684E-5
0.0
0.0
0.0
0.0
0.0
0.0
0.0
7.834689348069068E-5
0.0
0.0
0.0
0.0
0.0
0.0
1.0749983723650129E-6
8.72896495594843E-6
0.0
0.0
0.0
0.0
0.0
5.118036943738404E-5
0.0
0.0
0.0
0.0
0.0
1.1434725963041346E-5
0.0
0.0
0.0
0.0
0.0
0.0
0.0
0.0
1.516495164426374E-5
0.0
0.0
4.611562787782287E-4
0.0
4.7420360640239125E-5
0.0
0.0
0.0
1.1707805366066893E-4
1.1601759203915983E-4
0.0
0.0
1.587724165144252E-4
0.0
0.0
0.0
0.0
0.0
1.1431236545521709E-4
0.0
0.0
0.0
0.0
0.0
5.044314368211002E-6
0.0
0.0
1.7522648860820697E-5
0.0
0.0
0.0
0.0
2.5437543331083333E-4
7.004913700961762E-5
0.0
0.0
0.0
0.0
0.0
0.0
0.0
0.0
0.0
0.0
1.8356951109070336E-4
0.0
0.0
0.0
5.376015210196595E-4
0.0
0.0
0.0
0.0
0.0
0.0
0.0
0.0
0.0
6.693274196706136E-4
0.0
1.3726922622309578E-5
9.637846314084411E-6
0.0
0.0
0.0
0.0
0.0
0.0
0.0
0.0
0.0
0.0
0.0
0.0
0.0
2.103245139239012E-5
0.0
2.2617793657913732E-5
1.5873600301465154E-7
0.0
0.0
0.0
0.0
2.9185354826483587E-5
0.0
0.0
0.0
0.0
0.0
0.0
9.022383885531476E-7
0.0
0.0
0.0
4.528860050220457E-4
0.0
0.0
0.0
0.0
0.0
0.0
0.0
0.0
8.530044934409416E-5
0.0
0.0
0.0
0.0
4.5904389580524966E-4
3.4697293343468125E-5
0.0
0.0
0.0
0.0
1.1870770138635615E-6
0.0
0.0
0.0
1.5373861502865174E-5
0.0
0.0
0.0
0.0
0.0
0.0
0.0
8.546294459154996E-7
0.0
0.0
0.0
0.0
2.125609966870018E-4
0.0
0.0
0.0
0.0
3.842666406387116E-5
3.723807579510727E-4
1.8648427648032937E-5
0.0
0.0
0.0
0.0
0.0
0.0
0.0
0.0
7.53060680709185E-5
0.0
2.811707862459935E-4
0.0
7.037006395608205E-4
6.896029850711422E-6
0.0
0.0
0.0
0.0
0.0
0.0
0.0
0.0
6.537125658769058E-6
0.0
0.0
0.0
9.072226239111528E-6
4.721689167225396E-4
3.1196779415994095E-4
0.0
0.0
1.4176959723822245E-6
0.0
0.0
1.4691158526293878E-6
0.0
0.0
0.0
0.0
0.0
8.03015013837534E-6
0.0
0.0
0.0
0.0
0.0
0.0
0.0
0.0
0.0
5.915364044015694E-6
1.0798946874061573E-6
0.0
0.0
0.0
2.1432684524098135E-5
0.0
3.3216635769475045E-6
0.0
0.0
3.6595082320707693E-6
0.0
0.0
0.0
0.0
0.0
0.0
6.650637011100942E-4
0.0
0.0
0.0
7.785577194779488E-5
0.0
0.0
5.239859984557198E-6
0.0012408923118828056
0.0
0.0
0.0
0.0
0.0
0.0
0.0
0.0
0.0
0.0
0.0
0.0
0.0
0.0
0.0
0.0
0.0
1.0787590212397992E-4
1.0474096597144884E-4
0.0
0.0
0.0
4.384915141844658E-6
0.0
0.0
0.0
0.0
0.0
0.0
0.0
0.0
0.0
0.0
0.0
0.0
0.0
0.0
1.9989400520620146E-5
0.0
0.0
0.0
0.0
0.0
0.0
0.0
1.7539742670277827E-4
0.0
0.0
0.0
0.0
0.0
0.0
0.0
0.0
0.0
8.410717684855288E-6
0.0
0.0
0.0
0.0
0.0
0.0
0.0
0.0
0.0
0.0
0.0
1.5558090246251455E-4
0.0
0.0
0.0
0.0
0.0
0.0
7.695934010252763E-6
0.0
0.0
0.0
0.0
4.142560199333066E-5
0.0
5.937139233951352E-6
9.962003913285766E-5
0.0
0.0
6.819299603403865E-6
0.0
0.0
0.0
0.0
2.831364880493907E-4
0.0
0.0
0.0
0.0
0.0
0.0
0.0
0.0
0.0
0.0
0.0
0.0
0.0
0.0
0.0
1.0901704273174211E-4
0.0
0.0
0.0
0.0
8.508432278698798E-5
4.916300825288489E-6
0.0
2.0655184505809504E-6
3.935505928440984E-5
0.0
0.0
4.764266791575341E-6
0.0
0.0
0.0
0.0
0.0
0.0
0.0
0.0
0.0
0.0
0.0
0.001452359397461576
0.0
6.001680602284929E-6
0.0
0.0
0.0
0.0
0.0
0.0
0.0
0.0
0.0
0.0
0.0
0.0
0.0
3.999121718884011E-7
0.0
0.0
0.0
1.5844468268097693E-6
0.0
0.0
0.0
0.0
0.0
0.0
1.4156447274232633E-5
0.0
0.0
0.0
0.0
0.0
0.0
0.0
1.2729130701263545E-4
9.163350310269616E-5
0.0
0.0
0.0
0.0
0.0
7.218969273928663E-6
0.0
0.0
0.0
0.0
0.0
0.0
0.0
3.5324899817402763E-6
0.0
0.0
0.0
0.0
0.0
0.0
0.0
7.344859982801831E-4
6.164082269813919E-4
0.0
1.0986470482502081E-5
2.279749067479906E-6
0.0
0.0
0.0
0.0
4.785695450326484E-4
7.572470799223694E-4
0.0
0.0
0.0
7.302133974448647E-4
0.0
0.0
0.0
0.0
0.0
7.523692296473114E-8
0.0
4.722731929499137E-11
0.0
0.0
3.4760082054873225E-6
0.0
0.0
1.6401758324367006E-5
0.0
0.0
0.0
0.0
0.0
1.4009280092727066E-7
0.0
0.0
0.0
0.0
0.0
0.0
0.0
0.0
0.0
0.0
7.999085792020317E-6
7.783586199189162E-6
0.0
3.61845629956677E-6
0.0
4.1440254642096573E-4
0.0
0.0
0.0
0.0
0.0
0.0
1.090204575425555E-5
0.0
0.0
0.0
2.499832714795853E-4
0.0
0.0
0.0
0.0
0.0
0.0
0.0
0.0
0.0
0.0
4.875615795656677E-6
0.0
0.0
0.0
0.0
0.0
0.0
0.0
0.0
0.0
0.0
0.0
0.0
0.0
0.0
0.0
0.0015107877683627465
0.0
0.0
7.253826594909245E-7
7.26228097384894E-5
0.0
0.0
0.0
0.0
0.0
0.0
0.0
0.0
1.2743279007625131E-5
2.4324617488684164E-5
0.0
0.0
0.0
0.0
2.6679884945428145E-5
0.0
0.0
0.0
7.282465833884207E-5
8.95542565862631E-6
0.0
0.0
7.007190595874124E-5
0.0
0.0
0.0
0.0
0.0
3.0885746531688306E-7
0.0
0.0
4.5378282456880264E-5
0.0
0.0
0.0
0.0
0.0
1.1177144671605789E-5
0.0
0.0
0.0
0.0
0.0
0.0
1.3829740493991841E-5
0.0
1.2099098491695867E-6
1.7007393373288802E-5
0.0
9.412607065749662E-5
2.334515162976074E-4
0.0
4.4562788136852455E-6
0.0
0.0
0.0
0.0
0.0
0.0
0.0
0.0
0.0
0.0
0.0
1.0675067284408864E-5
3.421779759380942E-4
0.0
0.0
0.0
2.736638542741752E-4
3.9250430773950126E-5
3.378038254788848E-5
0.0
1.3092490957658935E-5
0.0
0.0
0.0
0.0
0.0
0.0
0.0
0.0
0.0
0.0
0.0
0.0
0.0
0.0
0.0
9.942267913439077E-5
0.0
0.0
0.0
0.0
0.0
0.0
0.0
5.661456634899474E-5
0.0
0.0
0.0
0.0
0.0
0.0
2.8929718771415607E-5
0.0
0.0
0.0
0.0
0.0
0.0
0.0
0.0
0.0
0.0
0.0
0.0
0.0
0.0
0.0
0.0
0.0
0.0
0.0
0.0
0.0
0.0
7.146433115099339E-5
0.0
0.0
0.0
0.0
0.0
1.9964206667762945E-6
1.4734849571216673E-6
0.0
0.0
0.0
0.0
0.0
0.0
0.0
0.0
0.0
0.0
8.149919500293069E-5
2.3420945693791796E-4
0.0
0.0
0.0
0.0
0.0
0.0
0.0
0.0
0.0
0.0
0.0
1.6652650334973054E-5
0.0
0.0
0.0
0.0
0.0
0.0010011336997684435
9.328823841155455E-4
0.0
0.0
0.0
0.0
0.0
0.0
0.0
6.892698921277923E-6
0.0
0.0
0.0
0.0
0.0
0.0
0.0013380140084596306
0.0
1.1956740062561276E-7
0.0
0.0
0.0
0.0
2.3245876183316664E-5
0.0
0.0
0.0
1.5843866126729198E-6
2.1375052865331714E-6
0.0
0.0
0.0
0.0
0.0
0.0
0.0
0.0
0.0
2.1283974109834088E-4
0.0
0.0
0.0
5.85621475720374E-6
0.0
0.0
0.0
3.522071259136463E-6
0.0
0.0
9.512807558034565E-5
1.2588837888474134E-4
0.0
0.0
0.0
0.0
0.0
0.0
0.0
4.7172441742331534E-4
0.0
0.0
0.0
0.0
0.0
0.0
0.0
0.0
0.0
0.0
0.0
0.0
5.985186707887432E-5
0.0
0.0
1.059957745257652E-4
0.0
2.81253979396439E-9
0.0
8.115243273081354E-8
0.0
0.0
0.0
3.3974789220339826E-6
5.7962472413855816E-8
0.0
2.540064573903946E-6
0.0
4.6042486420261124E-4
0.0
0.0
0.0
0.0
0.0
0.0
0.0
0.0
7.190618748363187E-7
0.0
0.0
0.0
0.0
0.0
0.0
0.0
0.0
1.1675515118811397E-4
0.0
0.0
1.5368905970768241E-4
3.462450562229151E-5
0.0
0.0
0.0
0.0
0.0
0.0
3.7626539284928073E-6
2.127028466464226E-8
2.1620072493411705E-4
0.0
0.0014015279813889743
0.0
5.04809320137004E-6
0.0
1.636510599912942E-7
0.0
0.0
0.0
0.0
0.0
0.0
0.0
0.0
0.0
0.0
0.0
0.0
0.0
0.0
0.0
0.0
0.0
0.0
0.0
0.0
0.0
0.0
0.0
4.1729231517061334E-5
0.0
0.0
0.0
0.0
0.0
0.0
0.0
0.0
0.0
2.1390806464129745E-4
0.0
0.0
0.0
0.0
0.0
0.0
0.0
0.0
0.0
0.0
0.0
8.10768105815195E-5
0.0
0.0
0.0
0.0
0.0
0.0
0.0
1.4913261423016102E-4
0.0
0.0
1.5197807792429046E-5
0.0
8.624715308824848E-6
0.0
1.111920420443842E-7
0.0
0.0
0.0
0.0
0.0
0.0
0.0
0.0
0.0
0.0
0.0
0.0
1.7037222270622128E-5
9.991349490631789E-5
0.0
0.0
0.0
0.0
5.393512354185197E-5
0.0
0.0
0.0
0.0
0.0
5.482187497658333E-5
6.27661196996587E-6
6.396600646781153E-6
0.0
0.0
0.0
5.9804263610850513E-5
1.356974911194517E-5
0.0
0.0
2.112304234503348E-5
0.0
0.0
0.0
0.0
1.5796293285736475E-4
0.0
0.0
0.0
5.926430143053232E-5
0.0
0.0
0.0
0.0
1.1152782478543365E-4
0.0
1.1971551772640971E-6
0.0
1.8431852596361063E-4
0.0
0.0
0.0
0.0
0.0
0.0014550599648147336
0.0
0.0
2.2479892982035446E-4
0.0
4.758270717391335E-5
1.1277940205437261E-4
0.0
0.0
0.0
0.0
0.0
0.0
0.0
0.0
0.0
0.0
0.0
1.4008474552759594E-4
0.0
0.0
0.0
0.0
0.0
0.0
0.0
0.0
0.0
0.0
0.0
0.0
0.0
0.0
2.118786411392533E-7
0.0
0.0
0.0
0.0
0.0011200928416204984
0.0
0.0
0.0
0.0
0.0
0.001386193974771127
5.7904658116512375E-6
0.0
0.0
0.0
0.0
0.001078796865373139
0.0
0.0
4.675487576173957E-4
0.0
1.3609024758805308E-5
1.6650407801178143E-4
1.7267387581375562E-4
0.0
0.0
0.0
0.0
0.0
0.0
4.69447913803594E-5
0.0
1.0795712231932881E-5
0.0
0.0
0.0
0.0
0.0
0.0
0.0
0.0
0.0
0.0
0.0
0.0
0.0
2.0177109582092196E-6
0.0
0.0
0.0
0.0
0.0
0.0
0.0
9.515007017832503E-5
7.160812845088042E-4
0.0
1.0848949998561199E-6
0.0
0.0
0.0
2.378869903991439E-5
0.0
0.0
0.0
0.0
0.0
0.0
0.0
0.0
0.0
0.0
0.0
0.0
0.0
0.0
0.0
0.0
0.0
0.0
0.0
0.0
0.0
0.0
0.0
0.0
0.0
2.528201862845787E-5
0.0
0.0
0.0
1.3921934046980705E-4
0.0
0.0
1.4752081544776418E-5
0.0
0.0
0.0
0.0
0.0
0.0
0.0
5.581631541380088E-5
0.0
0.0
0.0
9.298332037179313E-6
0.0
0.0
0.0
0.0
0.0
0.0
0.0
0.0
0.0
0.0
0.0
0.0
0.0
0.0
0.0
0.0
0.0
0.0
0.0
0.0
0.0
1.688500916947705E-5
5.6067513846796964E-5
0.0
0.0
0.0
0.0
0.0
0.0
0.0
0.0
0.0
0.0
0.0
0.0
0.0
0.0
1.6170406912503925E-5
1.1828543158900128E-4
0.0
0.0
0.0
0.0
0.0
0.0
2.264381569667458E-6
0.0
0.0
4.962070936628513E-6
0.0
0.0
0.0
3.9178700088462554E-5
0.0
1.533075519737165E-5
0.0
0.0
0.0
0.0
0.0
0.0
0.0
5.965969654518299E-6
8.747490292594817E-8
0.0
0.0
0.0
0.0
0.0
0.0
0.0
0.0
0.0
0.0
0.0
0.0
1.7393507617053072E-4
9.771381154198616E-5
8.089723064545042E-6
0.0
0.0
3.3303053734166958E-6
0.0
5.890839189071598E-4
0.0
0.0
0.0
5.56971683480986E-6
0.0
0.0
0.0
0.002085317049363214
0.0
0.0
0.0
0.0
0.0
0.0
0.0
0.0
0.0
0.0
0.0
0.0
0.0
1.5464085685313475E-4
0.0
7.055171725184831E-6
0.0
3.5258720191006196E-7
5.044562653750415E-5
0.0
0.0
0.0
0.0
0.0
0.0
0.0
0.0
0.0
0.0
0.0
0.0
0.0
0.0
0.0
0.0
0.0
0.0
0.0
0.0
0.0
0.0012184013225989179
6.396345625407154E-7
0.0
0.0
0.0
0.0
0.0
0.0
0.0
0.0
0.0
0.0
1.636733345928808E-5
0.0
0.0
0.0
0.0
3.6124042973448525E-5
0.0
0.0
0.0
0.0
0.0
3.6152288784577045E-6
0.0
0.0
0.0
0.0
0.0
0.0
0.0
0.0
0.0
0.0
0.0
9.808559007776897E-6
0.0
0.0
0.0
9.176749210687007E-5
0.0
0.0
0.0
0.0
0.0
0.0
0.0
0.0
0.0
0.0
6.721639268898452E-5
4.8561044781224506E-4
5.162847959841391E-5
5.891229331405093E-6
0.0
0.0
7.33767405427651E-4
0.0
0.0
0.0
0.0
0.0
0.0
1.7019909536027079E-6
0.0
0.0
0.0
0.0
0.0
0.0
0.0
0.0
0.0
0.0
0.0
0.0
0.0
1.6214797980028143E-4
3.5654791505322776E-6
0.0
0.0
0.0
0.0
0.0
4.311283672467041E-5
0.0
0.0
0.0
2.936067262374356E-5
0.0
0.0
0.0
0.0
8.604738343359372E-6
0.0
0.0
0.0
0.0
0.0
8.406316447198994E-5
9.570068645676766E-5
0.0
0.0
0.0
0.0
0.0
0.0
0.0
0.0
0.0
1.6511906050793882E-5
0.0
0.0
0.0
0.0
0.0
0.0
0.0
0.0
1.3663414427590694E-5
5.275938198196552E-6
2.5852283140838082E-6
0.0
0.0
0.0
0.0
0.0
0.0
0.0
0.0
0.0
2.2279913881370476E-5
0.0
9.224793474997336E-5
5.7404138265061675E-6
0.0
2.9348555735780836E-6
0.0
0.0
0.0
8.901279646722372E-6
0.0
0.0
0.0
6.945855353126745E-5
0.0
0.0
0.0
0.0
0.0
0.0
0.0
0.0
0.0
0.0
1.896211521984941E-7
0.0
1.0199411717485507E-5
0.0
0.0
0.0
0.0
0.0
0.0
0.0
0.0
0.0
0.0
0.0
0.0
0.0
2.6345793444536367E-6
0.0
0.0
0.0
4.5107942102206665E-5
0.0
0.0
0.0
0.0
0.0
0.0
0.0
7.796855818566166E-5
0.0
1.1918242822562529E-4
0.0
0.0
0.0
0.0
0.0
0.0
6.662174901865358E-6
5.167184392465621E-4
0.0016481761097444563
0.0
0.0
9.468167144794764E-7
0.0
0.0
0.0
3.968790589192779E-5
8.192233062925737E-4
5.062913807720855E-7
0.0
0.0
0.0
0.0
8.221429321652603E-6
0.0
0.0
0.0
0.0
0.0
0.0
0.0
2.7149339014457962E-5
0.0
0.0
0.0
0.0
0.0
0.0
0.0
0.0
0.0
0.0
0.0
2.3415053554775453E-4
0.0
0.0
6.037070376543353E-6
0.0
0.0
1.7947649732100808E-4
0.0
0.0
1.4437625385482134E-6
0.0
7.598138422580674E-4
0.0
0.0
0.0
0.0
2.3284853818537687E-4
2.392444219586494E-8
0.0
0.0
0.0
0.0
2.4971176364755373E-4
0.0
0.0
3.24208710717086E-5
0.0
0.0
0.0
0.0
0.0015072579675292708
0.0
0.0
0.0
2.203433243073048E-6
9.023282518684551E-4
0.0
0.0
0.0
0.0
0.0
0.0
0.0
0.0
4.6675367800395486E-8
0.0
0.0
0.0
0.0
0.0
0.0
6.4754948380601844E-6
0.0
0.0
0.0
9.36256698006702E-6
0.0
0.0
0.0
1.9847230459607833E-4
0.0
0.0
0.0
0.0
0.0
0.0
0.0
1.377405659795899E-4
0.0
0.0
0.0
3.947345828168237E-6
0.0
0.0
0.0
0.0
0.0
0.0
0.0
0.0
0.0
0.0
0.0
0.0
2.580651012198879E-4
0.0
0.0
0.0
0.0
2.5500931702616548E-6
0.0
0.0
0.0
0.0
0.0
0.0
1.7427905236651817E-5
0.0
0.0
0.0
0.0
0.0
0.0
0.0
0.0
0.0
0.0
0.0
0.0
0.0
0.0
0.0
0.0
9.637167849031103E-6
1.3402934223574132E-4
0.0
0.0
0.0
0.0
0.0
0.0
0.0
0.0
0.0
0.0
0.0017139733424865375
0.0
0.0
0.0
0.0
0.0
0.0
0.0
0.0
0.0
0.0
0.0
7.183301696501402E-5
0.0
0.0
6.649102894377812E-6
0.0
0.0
0.0
0.0
0.0
0.0
0.0
0.0
0.0
6.87374915492046E-5
0.0
0.0
2.5719024298198037E-4
3.83534312927458E-7
0.0
0.0
0.0
0.0
1.1398341110885538E-5
0.0
0.0
0.0
0.0
0.0
0.0
5.9166183345121646E-5
0.0
0.0
0.0
0.0
0.0
0.0
0.0
0.0
0.0
0.0
0.0
0.0
0.0
0.0
0.0
0.0
0.0
0.0
0.0
0.0
7.275576695129387E-5
0.0
0.0
0.0
0.0
0.0
0.0
0.0
0.0
0.0
0.0
0.0
0.0
0.0
0.0
0.0
0.0
0.0
0.0
0.0
0.0
0.0
0.0
0.0
0.0
0.0
0.0
0.0
7.603441549862573E-8
0.0
0.0
2.971812657068804E-5
1.038593944597676E-4
5.609124768649916E-6
0.0
0.0
0.0
0.0
0.0
0.0
0.0
0.0
0.0
0.0
1.8257235381435384E-6
0.0
0.0
0.0
6.870798119787164E-5
2.7313405874648995E-6
0.0
0.0
1.272361276440089E-4
1.5445328323907153E-5
2.844206226360623E-6
0.0
0.0
2.0401967738735016E-5
0.0
2.362539888046376E-4
1.806084162893656E-4
4.95515974511623E-8
0.0
1.4981607975027762E-9
0.0
0.0
0.0
0.0
0.0
0.0
0.0
1.7250686370191253E-5
0.0
0.0
0.0
5.142124948922919E-11
0.0
0.0
0.0
0.0
0.0
0.0
1.0569135034217879E-4
3.408007801316552E-6
0.0
0.0
0.0
0.0
0.0
0.0
0.0
0.0
8.040072389084847E-5
0.0
0.0
0.0
0.0
0.0
0.0
0.0
0.0
0.0
0.0
0.0
0.0
0.0
0.0
0.0
0.0
0.0
0.0
0.0
0.0
1.8568570996671792E-5
0.0
0.0
0.0
0.0
0.0
0.0
0.0
0.0
0.0
0.0
0.0
0.0
0.0
0.0
1.489426435769154E-6
0.0
0.0
0.0
0.0
0.0
0.0
2.090384147899033E-4
0.0
0.0
5.0554858475636706E-5
7.730991427564593E-5
0.0
0.0
0.0
0.0
0.0
0.0
0.0
2.4737662893692657E-4
0.0
0.0
0.0
0.0
0.0
0.0
0.0
0.0
0.0
0.0
0.0
1.5159740116134487E-4
0.0
0.0
8.232653011795718E-6
0.0
1.6675727114787175E-5
0.0
0.0
0.0
0.0
0.0
0.0
0.0
0.0
0.0
4.035621600571344E-6
0.0
0.0
0.0
8.126155198869826E-6
0.0
0.0
0.0
1.8838214989811658E-4
0.0
0.0
0.0
0.0
0.0
7.689468555533243E-8
0.0
0.0
0.0
0.0
0.0
4.613023514457254E-4
0.0
4.8662812437163025E-5
0.0
0.0
0.0
0.0
0.0
0.0
0.0
0.0
0.0
4.081710270806027E-5
0.0
0.0
0.0
4.964192227935773E-6
6.980747262575622E-6
0.0
0.0
0.0
0.0
0.0
0.0
0.0
0.0
0.0
0.0
0.0
0.0
0.0
0.0
7.865860643637747E-5
0.0
7.206698777123726E-4
1.3581801600726914E-5
0.0
3.5448543036470246E-4
0.0
0.0
2.0315616211819058E-7
0.0
0.0
0.0
0.0
0.0
0.0
0.0
4.588243821751447E-6
0.0
0.0
0.0
0.0
2.565288194559261E-6
0.0
0.0
2.052343318315596E-4
0.0
0.0
0.0
5.602091089212237E-6
1.56690254460755E-5
0.0
0.0
0.0
0.0
0.0
0.0
0.0
1.4007909374158081E-5
0.0
0.0
0.0
0.0
0.0
0.0
0.0
0.0
0.0
0.0
2.1526526059241003E-4
2.823482701345966E-4
0.0
0.0
6.520113833562791E-4
1.819496153675003E-4
0.0
0.0
0.0
1.1388966177837092E-4
0.0
0.0
0.0
0.0
0.0
0.0
0.0
0.0
0.0
2.3234627458842187E-9
0.0
0.0
0.0
0.0
0.0
0.0
0.0
0.0
0.0
0.0
0.0
0.0
0.0
0.0
0.0
0.0
0.0
0.0
0.0
3.534509297684126E-4
0.0
0.0
0.0
4.421518931643691E-6
8.565388336365968E-8
1.1169466708416596E-5
0.0
0.0
6.227338147387945E-5
0.0
0.0
0.0
0.0
0.0
0.0
0.0
7.355130339998979E-7
0.0
0.0
0.0
0.0
0.0
0.0
6.911994484804758E-6
0.0
0.0
0.0
0.0
0.0
0.0
0.0
7.371604798377514E-6
0.0
0.0
0.0
0.0
0.0
0.0
0.0
0.0
0.0
0.0
0.0
0.0
1.4497416390231476E-4
0.0
1.1971772979786818E-5
1.823625287228232E-7
0.0
0.0
9.936588251901574E-9
0.0
0.0
0.0
0.0
5.712991514969204E-4
0.0
0.0
0.0
0.0
0.0
0.0
0.0
0.0
3.969478866515639E-6
0.0
0.0
0.0
6.816634100919677E-6
0.0
0.0
0.0
0.0
8.705901578649847E-5
0.0
0.0
0.0
0.0
1.3979374351471382E-5
0.0
0.0
0.0
2.46189961880539E-4
0.0
0.0
0.0
0.0
0.0
0.0
0.0
0.0
0.0
0.0
0.0
0.0
1.9148506494922975E-5
5.485383938968785E-5
9.191469864187081E-7
0.0
0.0013462436835043183
0.0
0.0
0.0
0.0
0.0
1.1637081942156665E-5
0.0
0.0
0.0
0.0
0.0
7.386296954467594E-5
0.0
0.0
2.204951375924438E-5
0.0
0.0
0.0
6.566099004508889E-4
0.0
0.0
0.0
9.671634106558067E-5
2.7839309000413102E-5
0.0
3.601587199383438E-7
0.0
0.0
1.964305810832427E-5
0.0
0.0
0.0
0.0
0.0
0.0
0.0
0.0
0.0
0.0
0.0
0.0
0.0
1.9352782346773486E-5
0.0
0.0
1.7713949404531658E-4
0.0
0.0
0.0
0.0
0.0
3.075009322382997E-5
0.0
0.0
0.0
1.5790776102054388E-4
0.0
0.0
0.0
0.0
0.0
0.0
0.0
0.0
0.0
0.0
0.0
0.0
0.0
0.0
7.627016426450553E-6
0.0
2.073589364256826E-4
0.0
0.0
0.0
0.0
0.0
8.798020975408313E-6
2.283372641281783E-5
0.0
0.0
0.0
0.0
0.0
1.9847484784260084E-4
0.0
0.0
0.0
0.0
0.0
0.0
0.0
4.0761370594468577E-4
0.0
0.0
0.0
0.0
0.0
0.0
0.0
2.9082937764637494E-4
0.0
0.0
0.0
0.0
0.0
2.4707262946241994E-4
0.0
3.593944783650869E-4
0.0
0.0
0.0
2.2992997715282967E-7
0.0
0.0
0.0
0.0
0.0
1.4987373377643042E-5
0.0
0.0
0.0
0.0
0.0
0.0
0.0
0.0
0.0
0.0
1.4824369824829465E-6
0.0
0.0
0.0
2.6469870298493048E-6
3.0172596698333785E-5
0.0
0.0
0.0
0.0
0.0
0.0
0.0
0.0
0.0
0.0
0.0
7.593354204202062E-5
1.692693209832819E-5
0.0
0.0
0.0
0.0
3.026562924522614E-4
0.0
0.0
0.0
0.0
0.0
0.0
0.0
0.0
0.0
0.0
0.0
0.0
0.0
0.0
0.0
0.0
0.0
0.0
2.6345934137667694E-4
9.770745492982607E-5
0.0
0.0
7.185973282735554E-6
4.1879032038033266E-4
0.0
0.0
0.0
0.0
0.0
0.0
0.0
3.8629379121128114E-6
0.0
0.0
0.0
0.0
0.0
0.0
0.0
0.0
0.0
0.0
0.0
0.0
0.0
0.0
0.0
4.207075370603371E-5
0.0
1.4211172331676107E-5
8.729379863933733E-5
0.0
0.0
0.0
0.0
0.0
0.0
0.0
0.0
0.0
3.4843256498117017E-4
0.0
0.0
0.0
0.0
0.0
0.0
4.077201330150486E-5
0.0
6.036204087677075E-4
0.0
1.1992893689542211E-5
9.616928310452647E-6
0.0
4.969970437009125E-6
3.2994251145359036E-5
0.0
0.0
0.0
0.0
0.0
1.0652805410247059E-6
0.0
0.0
0.0
0.0
0.0
0.0
0.0
0.0
0.0
0.0
0.0
0.0
0.0
0.0
0.0
0.0
1.3026208675099226E-9
0.0
0.0
0.0
3.8160978567128957E-4
0.0
0.0
0.0
0.0
0.0
0.0
0.0
0.0
0.0
0.0
0.0
5.496705808011504E-4
0.0
0.0
0.0
0.0
0.0
0.0
0.0
0.0
0.0
2.144417322855489E-5
0.0
0.0
0.0
0.0
0.0
0.0
0.0
0.0
0.0
0.0
1.1068781943488783E-5
0.0
1.3404080990062617E-5
0.0
0.0
0.0
6.298134948276311E-6
0.0
0.0
0.0
2.1406177520195017E-4
0.0
0.0
0.0
0.0
0.0
0.0
0.0
0.0
0.0
0.0
0.0
0.0
0.0
0.0
0.0
0.0
0.0
0.0
0.0012447072721245385
3.542690944687382E-5
0.0
0.0
0.0
0.0
0.0
0.0
2.0896317280751345E-5
0.0
0.0
0.0
4.880866134057098E-4
0.0
0.0
4.084936502117173E-5
0.0
0.0
0.0
0.0
0.0
0.0
0.0
0.0
0.0
0.0
0.0
0.0
0.0
0.0
0.0
0.0
0.0
0.0
0.0
0.0
0.0
0.0
0.0
0.0
0.0
0.0
0.0
8.168262874791664E-5
0.0
0.0
0.0
0.0
0.0
0.0
9.496811069981333E-7
0.0
0.0
0.0
1.023107801542711E-6
0.0
0.0
0.0
0.0
0.0
7.684535756065584E-6
9.657471113847741E-5
4.298484799530018E-6
0.0
1.9887633481852266E-4
0.0
0.0
5.7052586748107575E-5
0.0
0.0
0.0
0.0
0.0
0.0
0.0
0.0
0.0
0.0
0.0
0.0
8.83078688036264E-8
7.176717944029906E-6
0.0
0.0
0.0
0.0
5.689089839411628E-4
0.0
0.0
0.0
0.0
0.0
0.0
0.0
0.0
0.0
0.0
0.0011535079115410152
2.537381604940762E-4
0.0
0.0
0.0
8.630684708084106E-6
0.0
0.0
0.0
0.0
0.0
0.0
0.0
0.0
0.0
0.0
0.0
0.0
2.262364562091888E-5
0.0
0.0
9.162882673066213E-6
0.0
0.0
0.0
0.0
0.0
0.0
0.0
0.0
6.657421102357258E-7
6.46483714830454E-5
0.0
7.6263803482669465E-6
0.0
0.0
0.0
0.0
2.3704860626398932E-6
0.0
0.0
0.0
9.82335470983506E-5
0.0
0.0
2.1045517633365556E-5
2.5407227121400267E-6
5.83428077233541E-4
0.0
1.0759475979012521E-5
0.0
0.0
0.0
0.0
0.0
0.0
0.0
0.0
0.0
0.0
0.0
2.9721885695264518E-5
0.0
0.0
0.0
0.0
0.0
1.4316495837819288E-5
0.0
0.0
4.424829820338595E-5
0.0
0.0
1.9356019672645338E-5
0.0
0.0
0.0
0.0
0.0
0.0
0.0
0.0
0.0
4.9839535362234194E-5
0.0
0.0
0.0
0.0
0.0
0.0
0.0
0.0
0.0
2.3083318173518019E-4
9.5390370797434E-6
0.0
1.4417502539086876E-4
0.0
0.0
0.0
0.0
0.0
0.0
0.0
0.0
0.0
0.0
0.0
1.1599011390574247E-4
0.0
2.4235344609798823E-6
0.0
0.0
0.0
0.0
0.0
0.0
0.0
4.324176406147631E-6
5.8518699442598225E-5
0.0
0.0
0.0
0.0
0.0
2.900657005041783E-6
8.609594296768728E-6
0.0
0.0
0.0
0.0
0.0
1.5437060954733776E-6
0.0
1.8123774687075797E-4
0.0
0.0
0.0
0.0
0.0
0.0
0.0
0.0
0.0
0.0
3.497110807684911E-6
0.0
0.0
0.0
0.0
0.0
0.0
0.0
0.0
0.0
0.0
0.0
0.0
0.0
0.0
6.222371232198349E-6
0.0
0.0
0.0
0.0
0.0
0.0
0.0
0.0
0.0
0.0
0.0
0.0
0.0
0.0
0.0
0.0
0.0
0.0
0.0
0.0
2.4182972952247243E-7
0.0
0.0
0.0
0.0
8.197401156728929E-6
0.0
0.0
0.0
0.0
0.0
0.0
0.0
0.0
0.0
0.0
0.0
0.0
4.940979928054982E-6
0.0
0.0
0.0
0.0
8.736409082745265E-5
0.0
0.0
6.175446250490795E-7
0.0
1.4934144362745258E-4
0.0
0.0
0.0
1.3967948377985644E-5
1.2806305677152678E-4
0.0
0.0
0.0
0.0
0.0
4.7947129725716114E-4
3.002690066820701E-4
0.0
0.0
0.0
0.0
0.0
2.742080948195923E-4
0.0
0.0
0.0
0.0
7.826276810750809E-5
0.0
0.0
0.0
0.0
0.0
0.0
0.0
0.0
0.0
0.0
0.0
3.2268162403416793E-6
0.0
2.7585764749220256E-6
0.0
0.0
0.0
0.0
0.0
0.0
0.0
0.0
0.0
0.0
0.0
0.0
0.0
0.0
0.0
0.0
0.0
0.0
0.0
0.0
0.0
0.0
0.0
1.2681265009812964E-4
3.106592714973321E-4
0.0
0.0
0.0
0.0
0.0
8.587952345434288E-7
0.0
0.0
0.0
0.0
0.0
1.4740331073332648E-5
0.0
0.0
0.0
0.0
0.0
0.0
0.0
0.0
0.0
0.0
0.0
0.0
4.351172241281781E-5
0.0
3.300900161889936E-5
4.051191503390468E-5
0.0
0.0
0.0
1.0373073361418991E-5
0.0
0.0
0.0
0.0
5.529445731618891E-6
1.5586415910712295E-6
0.0
1.3071522451080038E-4
1.3024597775683998E-5
0.0
0.0
0.0
0.0
3.758977641835196E-6
0.0
0.0
0.0
0.0
0.0
0.0
0.0
5.810072423534001E-4
0.0
0.0
0.0
0.0
0.0
0.0
0.0
0.0
0.0
0.0
0.0
0.0
0.0
0.0
0.0
0.0
0.0
0.0
0.0
0.0
0.0
0.0
0.0
0.0
0.0
3.5081821988515435E-6
0.0
0.0
0.0
0.0
0.0
0.0
0.0
0.0
0.0
0.0
0.0
0.0
0.0
1.0294069580327021E-6
0.0
0.0
1.1897236009150409E-6
0.0
0.0
0.0
0.0
0.0
2.6186630391784553E-6
0.0
0.0
0.0
0.0
0.0
0.0
0.0
0.0
0.0
4.166123103176584E-7
0.0
0.0
0.0
0.0
0.0
0.0
0.0
0.0
0.0
0.0
0.0
0.0
0.0
0.0
0.0
0.0
0.0
0.0
0.0
0.0
0.0
0.0
0.0
0.0
7.110883565726009E-6
0.0
0.0
1.5768370510699845E-5
0.0
1.5014652799743392E-4
0.0
0.0
0.0
0.0
2.908757236114478E-7
3.2011749297784526E-4
2.3947458361704596E-4
6.162806424678267E-5
0.0
0.0
0.0
0.0
2.492229447256892E-7
0.0
0.0
0.0
0.0
0.0
0.0
0.0
0.0
0.0
0.0
0.0
0.0
0.0
2.1334461665790632E-4
0.0
0.0
0.0
0.0
0.0
0.0
0.0
0.0
0.0
6.9427804053145565E-6
0.0
0.0
0.0
3.1430669798090224E-5
0.0
0.0
0.0
1.7482555454091073E-4
0.0
0.0
0.0
6.669776578107792E-6
0.0
0.0
0.0
0.0
0.0
4.046646455212271E-6
0.0
0.0
0.0
0.0
0.0
0.0
0.0
0.0
0.0
0.0
0.0
0.0
0.0
0.0
0.0
1.0597021527105618E-4
0.0
0.0
0.0
0.0
0.0
0.0
1.9344106883021042E-4
0.0
0.0
0.0
0.0
0.0
0.0
0.0
7.086258600525844E-5
0.0
0.0
2.535693287075692E-4
0.0
0.0
0.0
0.0
3.435785919111854E-6
2.456297800134431E-5
0.0
0.0
0.0
0.0
1.4048925426008578E-6
1.1176842393736461E-5
0.0
1.02351174631139E-5
0.0
0.0
0.0
0.0
8.989795186399205E-6
0.0
0.0
0.0
0.0
7.657302843700465E-5
0.0
7.65547423966214E-6
0.0
0.0
0.0
0.0
0.0
0.0
1.2695908595796547E-4
0.0
0.0
0.0
0.0
5.24777687848779E-5
0.0
0.0
1.1442617543662308E-5
0.0
0.0
0.0
2.7608386673562782E-6
0.0
0.0
0.0
0.0
0.0
0.0
0.0
0.0
0.0
3.1366485563128196E-6
0.0
0.0
0.0
0.0
0.0
0.0
0.0
0.0
1.055061216414067E-5
0.0
0.0
0.0
0.0
1.7972685980421307E-6
0.0
1.7169437600057585E-6
2.4557035147096884E-8
1.2273369611135863E-6
0.0
0.0
0.0
0.0
0.0
0.0
4.0880782596753326E-5
0.0
0.0
0.0
0.0
0.0
0.0
0.0
0.0
2.6394782145680716E-7
0.0
0.0
0.0
1.0167657167203248E-5
0.0
0.0
0.0
0.0
0.0
0.0
0.0
0.0
0.0
0.0
0.0
0.0
0.0
1.2604924924748036E-6
0.0
0.0
0.0
9.164401947109413E-6
0.0
0.0
0.0
0.0
0.0
0.0
0.0
4.944079324934733E-5
0.0
9.084181870349042E-6
0.0
0.0
0.0
0.0
0.0
6.0714691267984086E-5
0.0
0.0
0.0
0.0
0.0
0.0
0.0
0.0
0.0
0.0
0.0
0.0
0.0
7.504122198548383E-5
0.0
0.0
0.0
0.0
0.0
0.0
0.0
0.0
0.0
4.371142543638384E-7
0.0
0.0
0.0
3.625769333189512E-5
1.244220252616798E-4
0.0
0.0
0.0
0.0
1.8055223731883348E-4
1.4837638389852214E-5
0.0
9.566333019143115E-6
0.0
0.0
0.0
0.0
0.0
0.0
0.0
4.300552062917522E-6
0.0
0.0
0.0
0.0
0.0
1.2256609056101854E-5
0.0
0.0
0.0
0.0
0.0
0.0
0.0
0.0
0.0
0.0
0.0
0.0
0.0
0.0
0.0
0.0
0.0
0.0
0.0
0.0
0.0
0.0
0.0
0.0
0.0
0.0
0.0
0.0
1.4125168007876788E-9
0.0
0.0
0.0
0.0
0.0
0.0
0.0
0.0
1.6868136325938868E-5
0.0
0.0
0.0
0.0
0.0
0.0
0.0
0.0
0.0
0.0
0.0
0.0
0.0
0.0
0.0
0.0
0.0
0.0
4.09407539461724E-5
0.0
0.0
0.0
0.0
0.0
6.347033580633886E-6
0.0
0.0
0.0
0.0
0.0
0.0
0.0
0.0
0.0
0.0
0.0
0.0
0.0
0.0
0.0
0.0
0.0
0.0
0.0
0.0
0.0
0.0
0.0
4.6266737406293065E-5
1.6995941974478697E-7
0.0
0.0
0.0
0.0
0.0
0.0
0.0
0.0
0.0010005985911700826
0.0
0.0
3.3535213312242205E-10
0.0
0.0
0.0
0.0
0.0
0.0
0.0
0.0
2.008021576225823E-4
0.0
0.0
1.3111065938110129E-5
0.0
0.0
0.0
1.8929347491467046E-5
0.0
0.0
6.610250719451608E-6
1.1595613521683229E-6
0.0
0.0
0.0
0.0
0.0
0.0
0.0
2.1848797559812422E-4
0.0
0.0
0.0
0.0
0.0
0.0
0.0
0.0
0.0
1.2994511471136453E-4
4.809366645022907E-5
0.0
0.0
0.0
0.0
0.0
0.0
0.0
0.0
0.0
0.0
1.346498032577486E-6
0.0
0.0
0.0
0.0
0.0
0.0
0.0
0.0
0.0
0.0
1.1173649823572453E-4
0.0
0.0
0.0
0.0
0.0
0.0
0.0
0.0
0.0
0.0
0.0
0.0
2.485486147184199E-5
0.0
0.0
0.0
0.0
0.0
0.0
0.0
0.0
0.0
0.0
0.0
0.0
3.2167365740939656E-5
0.0
0.0
0.0
0.0
7.852210736760675E-5
0.0
0.0
0.0
1.8543302981265992E-4
7.953073860126785E-9
0.0
1.1374207066634327E-4
6.850117808066374E-7
1.1435306669181881E-4
0.0
0.0
6.164979155731377E-5
0.0
0.0
0.0
0.0
0.0
0.0
0.0
4.047142738490133E-5
0.0
0.0
0.0
8.357140613482623E-5
2.925848640152214E-9
0.0
0.0
2.8362964439544534E-6
0.0
0.0
0.0
0.0
0.0
1.663041611272002E-5
0.0
0.0
0.0
1.0651571503095389E-5
0.0
1.1605273892324432E-4
3.424246519254321E-5
0.0
0.0
0.0
1.6502161510860652E-6
0.0
0.0
0.0
0.0
0.0
5.44528846751939E-4
3.737767695045043E-4
0.0
0.0
1.3491310382589856E-8
1.8505891416557662E-7
0.0
0.0
0.0
0.0
0.0
2.7430933931546058E-5
2.4502967684716367E-4
2.6512764678881416E-5
0.0
0.0
0.0
2.081152264107862E-7
0.0
0.0
0.0
0.0
2.206111607973245E-6
0.0
0.0
0.0
0.0
0.0
0.0
0.0
0.0
0.0
0.0
0.0
0.0
0.0
5.430427722327969E-5
0.0
0.0
0.0
0.0
0.0
0.0
0.0
0.0
0.0
0.0
1.3358994595974083E-4
1.2319804669377522E-6
0.0
0.0
1.0945802021142396E-4
0.0
0.0
0.0
5.0424486164436085E-6
1.447761486119015E-4
0.0
0.0
0.0
0.0
0.0
0.0
0.0
0.0
0.0
0.0
0.0
0.0
0.0
0.0
0.0
0.0
0.0
0.0
0.0
0.0
0.0
0.0
0.0
0.0
0.0
0.0
0.0
0.0
0.0
0.0
0.0
0.0
0.0
0.0
0.0
8.13094865495839E-5
0.0
0.0
0.0
0.0
0.0
0.0
0.0
0.0
0.0
0.0
0.0
0.0
0.0
5.017903247721609E-7
1.7436541833341432E-5
0.0
0.0
0.0
0.0
2.2927253406652523E-5
0.0
0.0
7.845659514816884E-6
0.0
0.0
0.0
0.0
0.0
0.0016072718511205015
0.0
0.0
4.552568758893517E-5
0.0
0.0
0.0
1.4863045109228328E-4
0.0
0.0
0.0
0.0
0.0
0.0
0.0
6.688529902751985E-5
0.0
0.0
0.0
0.0
0.0
0.0
0.0
0.0
0.0
0.0
0.0
0.0
0.0
0.0
0.0
0.0
0.0
0.0
0.0
0.0
0.0
0.0
0.0
0.0
0.0
8.379305168988433E-7
0.0
4.187286074711291E-6
4.308372449130832E-5
1.7326823708063916E-4
1.009084184688271E-5
1.472970250979773E-4
2.3199277310602313E-5
0.0
0.0
0.0
0.0
0.0
0.0
0.0
5.898720423809493E-6
1.5308315077025088E-5
0.0
0.0
3.198541104070274E-6
0.0
0.0
0.0
0.0
0.0
0.0
5.6841271280457105E-8
0.0
0.0
0.0
0.0
1.0581622934806583E-5
2.411441972525799E-4
0.0
4.1323954671727285E-7
0.0
0.0
0.0
0.0
0.0
5.212015829252649E-6
1.8944336629193257E-5
0.0
0.0
0.0
0.0
0.0
8.908546980516423E-4
0.0
0.0
0.0
0.0
0.0
0.0
0.0
3.000454761367788E-4
0.0
0.0
0.0
0.0
0.0
1.0633865011700495E-4
0.0
0.0
0.0
0.0
0.0
0.0
0.0
0.0
0.0
0.0
2.8688107470730314E-5
0.0
2.571295752024163E-6
0.0
0.0
2.085824892128014E-5
0.0
0.0
0.0
1.030598798026142E-4
0.0
0.0
0.0
0.0
0.0
2.5645234235004357E-6
0.0
0.0
0.0
0.0
1.3455471908203133E-4
6.369306950508096E-5
0.0
0.0
1.1068441534951478E-4
0.0
3.771676008957989E-5
3.392894862813692E-5
0.0
0.0
0.0
0.0
0.0
0.0
0.0010156659274462914
1.7513757955936725E-6
0.0
0.0
0.0
0.0
0.0
0.0
0.0
0.0
0.0
0.0
0.0
0.0
0.0
0.0
0.0
0.0
0.0
0.0
0.0
0.0
0.0
0.0
0.0
0.0
0.0
0.0
0.0
0.0
0.0
0.0
0.0
0.0
0.0
0.0
0.0
0.0
0.0
0.0
0.0
6.329057034184752E-5
0.0
0.0
5.472527851609037E-7
0.0
0.0
0.0
0.0
0.0
0.0
0.0
0.0
0.0
0.0
0.0
0.0
0.0
0.0
0.0
2.1552075508257764E-5
0.0
0.0
0.0
0.0
0.0
0.0
0.0
0.0
2.464034467013901E-4
0.0
2.0906809552146296E-5
0.0
0.0
0.0
6.125864948096092E-4
6.887263475674197E-4
0.0
0.0
0.0
3.183970590682501E-8
5.289749442665451E-4
1.263562966722866E-5
0.0
1.296390361069306E-4
1.2501069965488478E-4
0.0
0.0
4.0072294372087875E-5
0.0
0.0
0.0010783143440009396
0.0
0.0
5.56708572639355E-5
0.0
0.0
2.2889749603348617E-9
5.924021981889836E-6
0.0
0.0
0.0
0.0
0.0
0.0
0.0
0.0
0.0
6.472683167678692E-4
0.0
0.0
0.0
2.4010372841453612E-5
0.0
0.0
0.0
0.0
0.0
0.0
0.0
0.0
0.0
0.0
0.0
0.0
0.0
0.0
0.0
0.0
0.0
0.0
0.0
0.0
0.0
0.0
0.0
0.0
0.0
0.0
0.0
0.0
0.0
0.0
0.0
0.0
8.52602434634896E-4
0.0
0.0
0.0
0.0
2.8045506929601147E-5
0.0
0.0
0.0
1.164054414301113E-4
0.0
0.0
0.0
0.0
0.0
0.0
3.0679485472194894E-6
0.0
0.0
0.0
0.0
0.0
0.0
0.0
0.0
0.0
0.0
0.0
0.0
0.0
0.0
0.0
0.0
0.0
0.0
0.0
0.0
0.0
0.0
0.0
0.0
0.0
0.0
0.0
0.0
0.0
5.589302287307212E-5
0.0
0.0
0.0
0.0
5.4180273847168764E-5
0.0
0.0
0.0
0.0
0.0
0.0
0.0
0.0
0.0
4.1729327774317287E-4
0.0
0.0
0.0
0.0
0.0
0.0
3.1313748046716318E-6
0.0
0.0
0.0
3.2405516746317707E-6
0.0
0.0
0.0
0.0
1.6092260669872722E-5
0.0
0.0
1.3283648201371098E-4
0.0
0.0
0.0
0.0
0.0
0.0
0.0
0.0
0.0
1.7549980612518334E-4
0.0
0.0
0.0
0.0
0.0
1.1873517362231377E-4
0.0
0.0
0.0
0.0
6.30392530167082E-5
0.0
0.0
4.106058191052392E-6
0.0
0.0
0.0
0.0
0.0
0.0
0.0
0.0
0.0
0.0
0.0
0.0
0.0
3.609740828565635E-4
0.0
0.0
0.0
0.0
0.0
0.0
0.0
0.0
0.0
0.0
0.0
0.0
0.0
0.0
0.0
0.0
0.0
0.0
0.0
0.0
0.0
0.0
0.0
0.0
0.0
0.0
0.0
0.0
0.0
0.0
0.0
1.0208235168351547E-4
0.0
0.0
0.0
7.179974047832561E-6
0.0
9.733818557820775E-4
0.0
0.0
0.0
0.0
0.0
1.278337653856816E-6
0.0
0.0
0.0
0.0
0.0
0.0
0.0
0.0
0.0
0.0
0.0
0.0
0.0
0.0
0.0
0.0
0.0
0.0
0.0
0.0
0.0
0.0
7.672336357009052E-6
0.0
0.0
2.598603064439819E-5
0.0
0.0
0.0
0.0
0.0
0.0
8.540620767770582E-5
0.0
0.0
0.0
0.0
0.0
0.0
0.0
0.0
0.0
0.0
0.0
0.0
0.0
0.0
0.0
0.0
0.0
0.0
0.0
0.0
0.0
0.0
0.0
0.0
0.0
0.0
0.0
4.3606800161537915E-8
0.0
0.0
0.0
0.0
0.0
0.0
0.0
0.0
0.0
0.0
1.374926779958906E-4
0.0
0.0
0.0
0.0
2.396312239901778E-9
0.0
0.0
0.0
0.0
0.0
1.2579106564720992E-5
0.0
0.0
0.0
1.2478512309851394E-6
5.145453490426871E-5
0.0
0.0
0.0
0.0
0.0
0.0
0.0
0.0
0.0
3.634563804122446E-7
3.721123413828439E-5
0.0
1.3833259858711413E-6
0.0
0.0
0.0
0.0
0.0
0.0
0.0
0.0
0.0
0.0
1.4788188414068757E-4
0.0
0.0
0.0
0.0
0.0
0.0
0.0
0.0
0.0
0.0
0.0
0.0
0.0
0.0
0.0
0.0
6.159126480203951E-5
1.041218082640358E-5
0.0
0.0
0.0
0.0
0.0
0.0
0.0
0.0
0.0
0.0
0.0
2.2445783283742685E-6
0.0
0.0
0.0
1.86389226550481E-6
0.0
0.0
0.0
0.0
0.0
0.0
0.0
0.0
0.0
0.0
0.0
0.0
0.0
0.0
2.3630165590849015E-5
0.0
7.1916942450483074E-6
0.0
0.0
0.0
0.0
1.2175454897668802E-4
1.2368826863073614E-4
0.0
4.3787913462468056E-4
2.0019411325930997E-5
0.0
0.0
0.0
0.0
0.0
0.0
2.2938335897880547E-4
0.0
0.0
0.0
0.0
2.7106562822076583E-6
0.0
0.0
0.0
4.935411138413605E-4
0.0
0.0
0.0
0.0
0.0
3.7159588844502134E-4
0.0
0.0
0.0
5.752945596245203E-4
1.8601012035816694E-6
0.0
0.0
3.7654418879667322E-6
0.0
0.0
0.0
0.0
0.0
0.0
1.8536358015112651E-4
0.0
0.0
0.0
0.0
1.9274994734358474E-5
0.0
0.0
0.0
7.008222952279825E-6
5.237853618150621E-6
0.0
3.4471371385463403E-6
0.0
1.3114826911177167E-6
0.0
0.0
0.0
0.0
3.6041891035777917E-4
0.0
0.0
0.0
0.0
0.0
0.0
0.0
0.0
8.310322263405369E-4
0.0
0.0
0.0
0.0
6.467196029983612E-8
0.0
0.0
0.0
0.0
0.0
0.0
0.0
0.0
0.0
0.0
4.5182169439691755E-6
0.0
0.0
0.0
5.2206637236363186E-5
0.0
0.0
0.0
0.0
0.0
0.0010489686885229192
0.0010282966605406492
0.0
1.2580805507405885E-4
0.0
0.0
0.0
1.785105397430401E-4
1.0650134249015806E-4
0.0
0.0
0.0
0.0
0.0
0.0
0.0
0.0
0.0
0.0
0.0
0.0
0.0
0.0
0.0
0.0
0.0
0.0
0.0
0.0
0.0
0.0
0.0
5.8006519852788454E-5
0.0
0.0
0.0
0.0
0.0
0.0
0.0
5.6171099312985974E-6
0.0
0.0
0.0
0.0
0.0
0.0
0.0
1.7523007907949968E-6
1.8460671543481634E-4
0.0
0.0
0.0
0.0
1.445508108086462E-4
0.0
0.0
0.0
0.0
0.0
1.6518501253406417E-7
0.0
0.0
0.0
0.0
0.0
1.6938095543422206E-5
0.0
0.0
0.0
0.0
5.374143188459253E-5
0.0
0.0
0.0
0.0
0.0
0.0
0.0
0.0
7.769347385379023E-4
0.0
5.466168793820674E-7
0.0
0.0
0.0
0.0
0.0
0.0
0.0
2.79898805645867E-6
0.0
0.0
0.0
0.0
0.0
1.3042513327477755E-5
0.0
0.0
0.0
0.0
0.0
0.0
0.0
7.385011549070151E-7
1.6463440067962783E-6
0.0
0.0
0.0
0.0
0.0
0.0
0.0
1.2604244147547644E-4
0.0
0.0
0.0
0.0
0.0
0.0
0.0
1.5852387505440885E-6
0.0
5.624109584167801E-5
0.0
0.0
0.0
2.6041486641691602E-6
0.0
0.0
0.0
0.0
0.0
0.0
4.310642809484702E-6
0.0
0.0
0.0
0.0
0.0
0.0
0.0
0.0
0.0
0.0
0.0
0.0
0.0
0.0
0.0
0.0
0.0
0.0
0.0
0.0
0.0
1.4797958568224607E-5
3.869101248497412E-5
3.9491066132194843E-7
0.0
0.0
0.0
0.0
6.380193020319599E-6
1.9242485604554008E-5
2.9242655915007247E-6
1.296911785196954E-6
0.0
0.0
0.0
0.0
0.0
0.0
0.0
0.0
0.0
0.0
0.0
0.0
0.0
0.0
0.0
0.0
0.0
0.0
0.0
0.0
1.1306178217093832E-4
1.259132384239503E-4
0.0
4.215675620739694E-5
7.52324289461899E-4
0.0
4.645526450707588E-6
2.7879905677688206E-5
0.0
0.0
0.0
0.0
1.53673553732801E-4
0.0
0.0
5.630130261973914E-5
0.0
0.0
0.0
0.0
0.0
0.0
0.0
0.0
0.0
0.0
0.0
0.0
0.0
0.0
0.0
2.002888069602522E-6
0.0
2.4348743193278685E-6
0.0
0.0
0.0
0.0
0.0
0.0
0.0
0.0
0.0
0.0
0.0
0.0
0.0
0.0
0.0
0.0
0.0
1.4320331254788682E-6
0.0
0.0
0.0
0.0
0.0
0.0
0.0
0.0
0.0
3.095883966592711E-5
0.0
0.0
0.0
0.0
0.0
0.0
0.0
0.0
0.0
0.0
0.0
0.0
1.365019555872964E-4
4.561797421824738E-4
5.1168325014661244E-5
0.0
0.0
0.0
1.3947080497204127E-4
0.0
0.0
0.0
0.0
3.203458561431547E-5
0.0
0.0
0.0
0.0
0.0
0.0
0.0
0.0
0.0
0.0
0.0
1.3152414779806752E-6
0.0
0.0
0.0
0.0
0.0
1.3919391504824778E-4
0.0
0.0
0.0
0.0
0.0
7.067430023744083E-6
0.0
0.0
0.0
4.206010488079714E-4
0.0
0.0
7.410038832724361E-5
0.0
0.0
1.2927668497877414E-4
0.0
0.0
0.0
6.158620890001929E-4
8.545737258018502E-6
0.0
0.0
0.0
0.0
0.0
0.0
0.0
0.0
0.0
9.766705984892991E-7
0.0
0.0
0.0
0.0
0.0
0.0
0.0
2.7006152925881423E-5
0.0
0.0
0.0
0.0
0.0
0.0
0.0
0.0
5.239541136332392E-5
0.0
0.0
3.8154419220689825E-6
0.0
4.911388960124211E-5
0.0
0.0
0.0
0.0
0.0
0.0
0.0
0.0
0.0
0.0
0.0
5.811328153011103E-4
2.058562858452813E-4
0.0
0.0
0.0
3.167263044080822E-6
0.0
0.0
2.927843838269112E-4
0.0
0.0
0.0
0.0
0.0
7.417514234458996E-6
0.0
0.0
0.0
0.0
0.0
8.277351535661199E-5
1.1923652021770034E-5
0.0
0.0
0.0
0.0
1.1598765137759457E-5
0.0
0.0
0.0
0.0
0.0
0.0
0.0
0.0
0.0
0.0
0.0
0.0
0.0
0.0
0.0
0.0
0.0
3.134436127291989E-5
4.252601031180877E-6
0.0
0.0
0.0
1.282901454261195E-4
4.192215000596072E-5
4.7721343315540297E-4
0.0
0.0
7.617486684856062E-8
0.0
0.0
0.0
0.0
0.0
0.0
0.0
0.0
0.0
0.0
0.0
0.0
1.3869951937453198E-5
9.038964040358819E-6
0.0
0.0
0.0
0.0
0.0
5.239316815016769E-5
0.0
1.6497157461830922E-5
0.0
0.0
0.0
0.0
0.0
0.0
0.0
0.0
0.0
0.0
0.0
0.0
7.586027562257633E-5
0.0
0.0
0.0
0.0
0.0
0.0
4.272412754878561E-5
0.0
0.0
0.0
2.5498049876757545E-4
0.0
0.0
0.0
0.0
0.0
0.0
0.0
0.0
0.0
0.0
0.0
0.0
0.0
0.0
0.0
0.0
0.0
0.0
0.0
2.551169818863769E-7
6.20941010181832E-5
0.0
0.0
1.1269272639831665E-5
0.0
7.4193954273818385E-9
0.0
0.0
0.0
3.326364579604849E-10
0.0
1.0680619973396612E-6
7.723596088557765E-5
0.0
0.0
0.0
0.0
0.0
0.0
0.0
0.0
0.0
0.0
0.0
0.0
0.0
0.0
0.0
0.0
0.0
0.0
0.0
0.0
0.0
0.0
0.0
0.0
0.0
0.0
0.0
0.0
0.0
0.0
0.0
0.0
0.0
2.3034247324200792E-4
0.0
6.182197650687996E-6
0.0
0.0
0.0
0.0
0.0
0.0
0.0
0.0
0.0
0.0
0.0
0.0
0.0
0.0
0.0
0.0
0.0
0.0
0.0
0.0
3.7806871191988704E-4
0.0
0.0
0.0
0.0
0.0
5.191339780895841E-5
0.0
0.0
0.0
0.0
0.0
0.0
2.399839409071623E-5
0.0
0.0
0.0
0.0
0.0
0.0
0.0
0.0
0.0
9.753200951139104E-5
0.0
0.0
0.0
3.2432835485312374E-6
0.0
0.0
0.0
0.0
0.0
0.0
0.0
0.0
0.0
0.0
0.0
0.0
0.0
0.0
1.7945648142043674E-6
0.0
0.0
5.0693902525405956E-5
1.5860465332112408E-6
0.0
0.0
0.0
0.0
0.0
0.0
0.0
0.0
0.0
6.0443797285532486E-5
0.0
5.682325918786929E-4
1.160320709275101E-6
5.601122872431623E-4
7.671180659745939E-5
7.305823808320867E-7
1.195765186500679E-6
0.0
0.0
0.0
0.0
0.0
0.0
0.0
0.0
0.0
0.0
4.644157996101606E-7
0.0
0.0
0.0
0.0
0.0
0.0
0.0
0.0
0.0
5.907991906813685E-6
0.0
0.0
1.9289100727358802E-7
4.806305014051401E-5
0.0
1.7073177396724918E-8
0.0
2.0492895102520102E-5
0.0
0.0
0.0
0.0
0.0
1.3940184268055713E-5
1.5392397167667466E-8
0.0
1.4734964752965894E-6
8.996746822252416E-6
0.0
0.0
0.0
0.0
6.904032000570553E-6
0.0
0.0
0.0
0.0
0.0
9.592387247142502E-4
8.933228047423488E-4
4.22190911403234E-6
0.0
6.049796009369789E-5
0.0
0.0
0.0
0.0
0.0
0.0
0.0
0.0
0.0
0.0
4.276474266460824E-5
0.0
0.0
0.0
0.0
0.0
0.0
0.0
0.0
0.0
0.0
0.0
0.0
1.7177877399476683E-5
2.8910899107244298E-6
6.457470539432861E-6
8.238552663785884E-5
4.735724185598634E-6
1.3886170997355951E-4
0.0
0.0
0.0
0.0
0.0
0.0
0.0
5.231653368415989E-6
0.0
0.0
0.0
0.0
0.0
5.083553447528813E-6
6.983595131289299E-5
0.0
0.0
0.0
5.2302499393285644E-5
0.0
0.0
0.0
0.0
0.0
4.063621413305599E-6
0.0
0.0
2.0448305296366947E-6
0.0
8.516672874285933E-8
0.0
0.0
0.0
0.0
0.0
0.0
0.0
1.597228759517487E-4
2.720002426585847E-5
0.0
0.0
0.0
0.0
0.0
9.729803109818368E-5
0.0
0.0
0.0
0.0
1.1720219322366262E-6
1.610465581356506E-5
1.2219420106889591E-5
0.0
0.0
0.0
0.0
0.0
0.0
8.65542063871966E-6
0.0
0.0
0.0
0.0
0.0
0.0
0.0
0.0
0.0
8.706890072045745E-4
0.0013081107678933172
0.0
0.0
0.0
0.0
0.0
5.0514631041813514E-8
0.0
0.0
0.0
0.0
0.0
0.0
0.0
0.0
6.121605316732871E-4
0.0
0.0
0.0
0.0
6.155232839241245E-6
0.0
0.0
0.0
0.0
0.0
0.0
5.3398123214313074E-5
1.2626100137367457E-4
0.0
0.0
0.0
0.0
0.0
0.0
8.634221233063154E-7
0.0
0.0
0.0
0.0
0.0
0.0
0.0
0.0
0.0
0.0
0.0
1.417924790694475E-7
0.0
0.0
0.0
0.0
0.0
8.464248802784452E-5
0.0
0.0
0.0
0.0
0.0
0.0
9.359828198962774E-6
0.0
0.0
0.0
0.0
0.0
0.0
0.0
0.0
0.0
0.0
0.0
0.0
0.0
0.0
1.0413341154607522E-7
0.0
0.0
0.0
0.0
0.0
0.0
5.371404318309387E-4
0.0
0.0
0.0
3.965286434360567E-6
1.098859431659334E-4
7.525866499193737E-6
0.0
0.0
0.0
0.0
0.0
0.0
0.0
0.0
0.0
0.0
2.854105680017627E-4
3.9206191974241925E-7
0.0
0.0
0.0
0.0
0.0
0.0
0.0
0.0
0.0
2.004357480251683E-6
0.0
0.0
0.0
0.0
0.0
0.0
0.0
0.0
0.0
0.0
0.0
0.0
0.0
0.0
4.8991584185467544E-5
0.0
0.0
0.0
0.0
0.0
0.0
0.0
0.0
3.316909945571546E-5
0.0
0.0
1.3278543996568287E-5
0.0
0.0
1.7137371511792875E-5
0.0
2.6774184971911983E-6
0.0
0.0
0.0
0.0
0.0
0.0
0.0
0.0
0.0
2.8132687421465296E-4
8.822844317135858E-4
0.0
0.0
1.4099882581633968E-5
0.0
0.0
0.0
0.0
0.0
0.0
0.0
0.0
0.0
4.610913472235049E-5
0.0
0.0
0.0
1.5633370372584237E-5
0.0
5.908824703471968E-6
0.0
0.0
6.779565454035319E-5
3.8112503360498105E-8
0.0
0.0
0.0
0.0
0.0
0.0
0.0
0.0
0.0
0.0
0.0
0.0
0.0
0.0
0.0
0.0
0.0
0.0
0.0
0.0
3.1423291267101505E-4
0.0
1.36114692985496E-5
5.905960555007804E-7
0.0
0.0
4.988081502718594E-8
4.763944768842059E-6
0.0
0.0
0.0
0.0
0.0
0.0
0.0
0.0
0.0
1.783397366028282E-5
2.194454122520169E-5
2.404212528958847E-5
0.0
0.0
1.9747800264380515E-5
9.569133093903833E-6
0.0
0.0
0.0
0.0
0.0
0.0
1.651494028489012E-5
0.0
0.0
0.0
0.0
0.0
0.0
0.0
0.0
0.0
0.0
0.0
0.0
0.0
0.0
2.0025763590108026E-4
0.0
0.0
0.0
0.0
0.0
0.0
0.0
0.0
1.6162548994379452E-5
0.0
0.0
0.0
0.0
0.0
0.0
0.0
0.0
0.0
0.0
0.0
9.419363319451557E-9
0.0
0.0
1.766369891653478E-6
0.0
0.0
0.0
0.0
0.0
0.0
0.0
0.0
0.0
9.138809874645453E-7
0.0
0.0
0.0
0.0
0.0
0.0
0.0
0.0
2.2636996602644826E-4
2.7949231428923595E-5
0.0
0.0
0.0
0.0
3.371954712929145E-5
0.0
0.0
1.0099714907633255E-4
0.0
0.0
0.0
2.2519198713771497E-5
0.0
0.0
0.0
0.0
0.0
0.0
0.0
0.0
0.0
0.0
0.0
0.0
0.0
0.0
0.0
4.127920347927597E-5
0.0
0.0
0.0
0.0
2.9872010378689133E-6
4.978837104495361E-5
2.216054677291576E-5
0.0
0.0
0.0
0.0
0.0
0.0
7.892822772204868E-6
0.0
1.5131605841060162E-5
4.920443356389928E-5
0.0
0.0
0.0
1.3381742236573752E-5
7.494436740873225E-6
0.0
0.0
7.906880806902047E-6
0.0
0.0
2.3851719972059367E-5
0.0
0.0
0.0
0.0
0.0
0.0
0.0
1.938237129682371E-4
1.3286786439682278E-4
3.908426224494298E-6
1.0815004822382916E-5
0.0
0.0
0.0
0.0
0.0
0.0
0.0
0.0
0.0
0.0
0.0
0.0
0.0
0.0
0.0
0.0
0.0
0.0
0.0
0.0
0.0
0.0
0.0
0.0
0.0
0.0
0.0
0.0
0.0
0.0
0.0
0.0
0.0
0.0
0.0
0.0
0.0
0.0
0.0
0.0
0.0
0.0
0.0
0.0
0.0
0.0
0.0
0.0
0.0
0.0
0.0
0.0
0.0
0.0
0.0
0.0
0.0
0.0
0.0
0.0
0.0
0.0
0.0
0.0
0.0
0.0
0.0
0.0
0.0
0.0
0.0
0.0
0.0
0.0
0.0
0.0
0.0
0.0
0.0
0.0
0.0
0.0
0.0
0.0
0.0
0.0
0.0
0.0
0.0
0.0
0.0
0.0
0.0
0.0
0.0
0.0
0.0
0.0
0.0
0.0
0.0
0.0
0.0
0.0
0.0
0.0
0.0
0.0
0.0
0.0
0.0
0.0
0.0
0.0
0.0
0.0
0.0
0.0
0.0
0.0
0.0
0.0
0.0
0.0
0.0
0.0
0.0
0.0
0.0
0.0
0.0
0.0
0.0
0.0
0.0
0.0
0.0
0.0
0.0
1.4648679180652468E-5
4.4201117060319546E-5
5.650608664390497E-5
7.408753993801866E-5
8.067114441237189E-5
1.4745534607851923E-5
4.4360046802813966E-5
5.619916863035102E-5
7.56459118291447E-5
8.238009237409362E-5
5.033100594080949E-6
3.017515068843155E-5
5.273006809712997E-5
7.672266698724463E-5
7.985868964283038E-5
8.177306366990269E-6
3.5756905329916775E-5
5.821695970313533E-5
8.183315088332772E-5
8.521604324839056E-5
9.133760219513667E-6
3.763851975084545E-5
5.9344763905951285E-5
8.02656398979347E-5
8.838735301118878E-5
1.1728599300471767E-5
4.079421370312923E-5
6.0313689502392434E-5
8.251276361579105E-5
8.069148533985694E-5
1.2201801269854634E-5
4.1159920742101334E-5
5.7918814719893055E-5
7.729307313020966E-5
7.321368385577221E-5
1.342717065841556E-5
4.252227635012182E-5
5.780650625578953E-5
7.248993809418513E-5
8.126469417071599E-5
1.3798381298814875E-5
4.3301064947616205E-5
5.631534495055883E-5
7.498471428902834E-5
6.518529306156569E-5
1.4614169639300975E-5
4.446905371047118E-5
5.7308074063242844E-5
7.074936170820565E-5
8.019373087165398E-5
1.0736209987926004E-5
2.9684991123854967E-5
5.9566929039505284E-5
8.994006171922063E-5
9.119287363579949E-5
0.0
7.281413601578259E-6
3.172920866903505E-5
5.059707638120416E-5
5.6342411554981165E-5
5.469550126269723E-6
2.9253718080328488E-5
4.615791528557023E-5
6.329311074812063E-5
6.630063050232895E-5
8.273658317628568E-9
1.2746821362438995E-5
3.399633476309644E-5
5.687510149638205E-5
6.434338131204705E-5
3.2194435781258686E-6
2.5443695322642857E-5
4.7866143354082584E-5
6.703027185618699E-5
7.198167808316883E-5
1.943482643605286E-6
2.167906982939826E-5
4.343647506220277E-5
6.773684355951314E-5
6.549036474043193E-5
4.931958651553149E-6
2.9130217076640545E-5
5.202829522982706E-5
7.624439664633242E-5
7.350615282630327E-5
1.4977579166935396E-5
4.4789953097888644E-5
5.720946394286275E-5
7.785814416082557E-5
6.201781068871745E-5
1.4912308018787848E-5
4.453884872684243E-5
5.665323870345745E-5
7.786191655014229E-5
7.393583290363589E-5
1.5069872889570345E-5
4.509018097460493E-5
5.763499091455377E-5
7.353521894150338E-5
7.528218764360525E-5
1.5065907883784142E-5
4.5131266788114934E-5
5.6482020538528464E-5
7.668190160713756E-5
6.0139552181140216E-5
1.4909788862794848E-5
4.4745746776294664E-5
5.711446041344279E-5
7.412977779526855E-5
6.197178623767014E-5
0.0
1.1995124099250546E-5
6.952333590133763E-5
1.729304859868233E-4
2.8446637835476607E-4
1.4512561903688835E-5
4.406054159496281E-5
5.569224827861522E-5
7.687008245582665E-5
6.351221539305482E-5
1.4511329469582109E-5
4.385394097720371E-5
5.6045807330291144E-5
7.329959145538741E-5
7.638414602053832E-5
1.424771486082815E-5
4.358698331921117E-5
5.57920848016484E-5
7.611841728304409E-5
6.185546507178348E-5
1.4205030468359822E-5
4.3366512133423964E-5
5.594151034123968E-5
7.436201492501212E-5
7.324893472752921E-5
1.403452359838481E-5
4.314648515128562E-5
5.561744012624758E-5
7.673216373766557E-5
6.543249897432153E-5
1.39619520286172E-5
4.301768712176714E-5
5.554930635080223E-5
7.515077764663388E-5
7.54759722468495E-5
1.3816068766588889E-5
4.2761765407626277E-5
5.5876505727777417E-5
7.526641542184221E-5
7.277851131718316E-5
1.375758466506698E-5
4.255364896188363E-5
5.4830039807647706E-5
7.801107223572346E-5
6.745860802006758E-5
1.3548608495998534E-5
4.219402534495209E-5
5.5522396848354825E-5
7.447519147135645E-5
8.384052725502584E-5
1.3525852350439325E-5
4.2039994236454486E-5
5.460850389022873E-5
7.799408241746594E-5
7.196723060418348E-5
1.3340890360168716E-5
4.177423821892E-5
5.444884065101482E-5
7.41630651842312E-5
8.812583652431937E-5
1.3207213986298398E-5
4.162894955161341E-5
5.480519151143062E-5
7.554681831118244E-5
7.508080764846779E-5
1.3141872676106771E-5
4.1387376757987705E-5
5.393072564996095E-5
7.727714044190375E-5
7.292927815457323E-5
1.3169238562347317E-5
4.1323258752660666E-5
5.3961625912838276E-5
7.373025024515325E-5
8.750192524353854E-5
1.3136047347535656E-5
4.117564409497306E-5
5.2748511552744314E-5
7.463764367974564E-5
7.367696534191708E-5
1.3106131554594818E-5
4.1140368934590766E-5
5.3668373158073284E-5
6.793975435104725E-5
8.920656011917625E-5
1.2992614977814985E-5
4.092213339601137E-5
5.2893642026660626E-5
7.10181239462417E-5
5.9692074731873376E-5
1.3014617760137894E-5
4.0703226174360626E-5
5.1562356259964494E-5
7.020380058317119E-5
5.839637744702587E-5
1.287797548404125E-5
4.0087057680348336E-5
5.057002027022766E-5
6.619398695587805E-5
6.249947057322023E-5
1.2720700527861399E-5
3.9353495949470945E-5
4.831055675289691E-5
6.406450409128735E-5
5.846270490302552E-5
1.2302086692784186E-5
3.831805155834569E-5
4.700878212659648E-5
5.707947145751775E-5
6.704217319261791E-5
1.1995988014702326E-5
3.710498594880592E-5
4.431532861677025E-5
5.7383470173570924E-5
5.294793283782588E-5
1.1395296669345149E-5
3.531455588698692E-5
4.181772911310457E-5
5.494230982804927E-5
5.8545644205712784E-5
1.0784398819655783E-5
3.354844192155243E-5
4.007348680959088E-5
5.888875740377685E-5
5.6881238865892675E-5
1.0026722190058303E-5
3.1485987944363546E-5
3.9241129040922776E-5
6.123718045965801E-5
7.536873969506532E-5
9.226615768311216E-6
3.005477067018698E-5
4.013420471786297E-5
6.82121704442184E-5
8.30844260226489E-5
8.329923971511931E-6
2.8984318165676228E-5
4.248197767368202E-5
7.547563942054301E-5
9.789995297634387E-5
7.408218953355953E-6
2.9297594445000938E-5
4.5938281625900815E-5
8.520537415773304E-5
1.0007968625179225E-4
6.69483514608363E-6
3.092310123219848E-5
5.323195980715663E-5
9.181662276563858E-5
1.1631903097331865E-4
6.909731556414595E-6
3.511874412722391E-5
5.928929886224173E-5
1.0117206249489657E-4
9.892572732014178E-5
8.69117223249315E-6
4.26899197796054E-5
6.634991989589524E-5
1.0119368902202546E-4
1.0786694658108812E-4
1.2865055118546745E-5
5.0179377641390397E-5
6.742356171573344E-5
9.681544470577734E-5
9.1014469340858E-5
1.7570758240473392E-5
5.601483258720327E-5
6.818540254236335E-5
9.30350028472093E-5
1.0002316825674957E-4
2.0553671308275886E-5
5.803106670464446E-5
6.970291715627794E-5
9.874180259237796E-5
1.0283329354255415E-4
1.9742746384180134E-5
5.680067342938329E-5
7.308030551597162E-5
1.0332749915689288E-4
1.2426070691620665E-4
1.9072017135154904E-5
5.788655403053584E-5
7.827033406615666E-5
1.1492743632022704E-4
1.106431493972202E-4
1.9678089814035014E-5
6.133641711140833E-5
8.412329689087951E-5
1.1823878210601629E-4
1.2776092575887422E-4
2.1693822460960726E-5
6.580682848951457E-5
8.830207062174411E-5
1.2240315973717183E-4
1.2011986168404693E-4
2.3811887493590834E-5
6.984831956435767E-5
9.254137113608335E-5
1.2361871973078016E-4
1.2841132571741478E-4
2.554249590046329E-5
7.324088277235978E-5
9.658839251769626E-5
1.2764565819611771E-4
1.1712943736918034E-4
2.7284117254964407E-5
7.636268109345483E-5
1.001397797296394E-4
1.3135175893233176E-4
1.1740027500140805E-4
2.8897251645834485E-5
7.94298342384208E-5
1.037159745961198E-4
1.3355145644072388E-4
1.2653728651800867E-4
3.052599000852759E-5
8.245580290058369E-5
1.0760466477653485E-4
1.3778812145681565E-4
1.245447548923035E-4
3.210177971508155E-5
8.562437043768926E-5
1.1151553033049048E-4
1.405600132266619E-4
1.2416247097287236E-4
3.378758070990675E-5
8.905346034808425E-5
1.1546647844711852E-4
1.4148538187623404E-4
1.2313527730033286E-4
3.558290511927632E-5
9.237904958596383E-5
1.1827651245058836E-4
1.4141392592097003E-4
1.1293741601203516E-4
3.745624716623841E-5
9.54472682919238E-5
1.2017116372558723E-4
1.39285814107569E-4
1.0616759685069056E-4
3.906970369083488E-5
9.778997933855721E-5
1.2120168876359826E-4
1.3721894520032078E-4
9.58077121657029E-5
4.030641857085788E-5
9.956789579080672E-5
1.2211662946596657E-4
1.355370688599892E-4
8.610942721070698E-5
4.124394145868193E-5
1.01145129205106E-4
1.2324387010077844E-4
1.3403482336918102E-4
7.399937432341717E-5
4.222608516123041E-5
1.0300623979244603E-4
1.2482196366741114E-4
1.3363096778685161E-4
6.0149469519864336E-5
4.324538021859469E-5
1.0504009104507745E-4
1.2633108989927984E-4
1.3275695085981551E-4
4.5610483675720656E-5
4.451806076204611E-5
1.072439706310163E-4
1.2766233063465858E-4
1.3176057743433708E-4
3.136597654734569E-5
4.603557854786629E-5
1.0946448676860408E-4
1.2836165305612641E-4
1.3004529320443859E-4
1.7945403218324508E-5
4.762416206922924E-5
1.1164869199786758E-4
1.2892151267864733E-4
1.2780128154728522E-4
1.0141816780716467E-5
4.923943757791219E-5
1.1368916825065748E-4
1.2904680121284237E-4
1.2452931566235247E-4
4.102460899861633E-6
5.097061325263498E-5
1.1584757699460663E-4
1.2918343360420725E-4
1.2077376518451105E-4
2.056841116132724E-6
5.260100193970616E-5
1.178725301527661E-4
1.2881005899211155E-4
1.1470864541052296E-4
4.5861612639580896E-7
5.4421892578265916E-5
1.2010228343811512E-4
1.2839699548734563E-4
1.0648856481105174E-4
3.2034395465915873E-7
5.632908356396184E-5
1.2242751391265694E-4
1.277001267166853E-4
9.538342329352955E-5
2.3989637694077737E-7
5.845215915881468E-5
1.2496252483825413E-4
1.273217016042319E-4
8.265008623428759E-5
1.320483992543441E-6
6.069930603727265E-5
1.274359723039253E-4
1.265891764674724E-4
6.901004512285607E-5
3.236136256220624E-6
6.294973615408159E-5
1.2979472911519966E-4
1.2530224019606124E-4
5.629436631925362E-5
7.205931400931425E-6
6.542815061081627E-5
1.3189155698196657E-4
1.2327449447251815E-4
4.5498334002676195E-5
1.461622750236048E-5
6.828402451654123E-5
1.3391591210171018E-4
1.1904033347801423E-4
3.9565151989564934E-5
2.2023345420812364E-5
7.126502774003462E-5
1.3563217486579953E-4
1.1160916450121336E-4
3.8695648515426224E-5
2.8005772741939603E-5
7.426510098639096E-5
1.3678910014406647E-4
1.0199631291592581E-4
4.0046823122430204E-5
3.522512940104216E-5
7.717016165243686E-5
1.3732951574679393E-4
9.119652409447245E-5
4.510359386356379E-5
4.520959036770582E-5
7.938506570086544E-5
1.36589304428588E-4
8.022013103058202E-5
5.1955510841398635E-5
4.97267269860798E-5
8.112211201566122E-5
1.340454711641323E-4
7.278618611759278E-5
5.8791326803116856E-5
5.15170375640903E-5
8.285142277219247E-5
1.2915347938029302E-4
7.113655850302304E-5
6.57284642498172E-5
5.845481548315084E-5
8.496112036213618E-5
1.217184974841034E-4
7.266219620781938E-5
6.805178561055075E-5
5.284471080544178E-5
8.638963302530029E-5
1.1088040364369567E-4
7.513039463362554E-5
6.807376690194039E-5
5.2505204709712546E-5
8.610608382032848E-5
9.938412455621236E-5
7.386287448356803E-5
6.0973449323242025E-5
4.514063914083866E-5
7.254973091304783E-5
7.766652856130631E-5
6.32150461815963E-5
5.022580308912576E-5
3.77175762391041E-5
5.600725911617493E-5
6.548926402812443E-5
4.8325743825371504E-5
3.599438065544208E-5
3.4492030039299574E-5
1.3964166775014465E-5
1.712025094262723E-6
5.053351103543121E-6
2.151472132209044E-6
1.8434781097468305E-5
4.551687030492818E-5
4.554634024391135E-5
3.8864712479882356E-5
3.0432706943493368E-5
4.135448379174726E-5
9.195456753155069E-5
1.090638214690507E-4
8.891698683214714E-5
7.320727135953428E-5
6.54754419325357E-5
9.459221826996653E-5
1.1458957183734374E-4
9.833963728571452E-5
8.635946176188524E-5
7.052470186377306E-5
1.0445074610255786E-4
1.3545985268417212E-4
1.074140976568744E-4
9.745354554967183E-5
7.836474476367044E-5
1.0263940458266406E-4
1.4566251823876233E-4
1.0772028419173615E-4
1.0122500074360211E-4
8.484220610224314E-5
9.956595127041545E-5
1.536223495067231E-4
1.068780062575549E-4
1.0099877101819724E-4
8.924737170206306E-5
9.576404069594012E-5
1.5725851610533636E-4
1.0641685917417762E-4
9.361345940153373E-5
8.598957153584965E-5
9.258422640002588E-5
1.591334245120889E-4
1.1120566867068088E-4
8.654211299266199E-5
8.363260376226356E-5
8.906116065404605E-5
1.587736193796539E-4
1.1897818692157864E-4
7.695184790376432E-5
7.522320137956508E-5
8.544715706339172E-5
1.5744864080496728E-4
1.2856967833633722E-4
7.195264434369575E-5
6.905524870222567E-5
8.178209368544074E-5
1.5553291478498724E-4
1.364375403973986E-4
6.800316281471204E-5
5.397081288301217E-5
7.826088702851288E-5
1.532800274736381E-4
1.428534394607495E-4
7.136443649177606E-5
4.763308992903084E-5
7.496969223877372E-5
1.5077034112673108E-4
1.4631288159886656E-4
7.749510392342613E-5
3.302131013932426E-5
7.202362464388165E-5
1.4812705272209222E-4
1.486398055610552E-4
8.852357851754915E-5
2.498327469158889E-5
6.914466152905852E-5
1.4518611558844927E-4
1.4970056628454644E-4
1.0131441837042953E-4
1.8469028478934755E-5
6.625714406967451E-5
1.4196182320098952E-4
1.499434465833826E-4
1.1415616136244043E-4
1.3069526016177308E-5
6.355305619819648E-5
1.3868303787756376E-4
1.5008391040229575E-4
1.258018318988485E-4
1.171147472953008E-5
6.071816924433505E-5
1.3513787272170249E-4
1.4970530863697178E-4
1.3470875176157116E-4
1.1701390515308166E-5
5.808610458891623E-5
1.3164093779941314E-4
1.4898758583065883E-4
1.4138400679695995E-4
1.5368722587894074E-5
5.5506895451306874E-5
1.2805614598301459E-4
1.476647796636321E-4
1.454172103725885E-4
1.953854266191775E-5
5.312101378472119E-5
1.2455731084488704E-4
1.4622036846699522E-4
1.4795965944217358E-4
3.022280965991867E-5
5.080347744323897E-5
1.2103551541060076E-4
1.4419439411808026E-4
1.4924183455559923E-4
3.9513266456461956E-5
4.88331121466234E-5
1.1771263182970611E-4
1.420510701639642E-4
1.5035794943750634E-4
5.3614597846905965E-5
4.6877771650386606E-5
1.14397825838357E-4
1.39541531034202E-4
1.506417846602178E-4
6.607712996277182E-5
4.524118788909042E-5
1.1130215082172487E-4
1.374276797688615E-4
1.5088172919761186E-4
8.253834676481054E-5
4.3755927280880475E-5
1.0840503010282594E-4
1.3491334504267348E-4
1.5150796295930284E-4
9.512452907402906E-5
4.241710604005479E-5
1.0569366358621773E-4
1.3257914337220326E-4
1.5197204088765971E-4
1.067378654308112E-4
4.121422310048346E-5
1.0319919135872363E-4
1.3027179630092456E-4
1.5217073962587303E-4
1.1520100542049791E-4
4.010494406776147E-5
1.0108709128403953E-4
1.2840780815478675E-4
1.5205007592865327E-4
1.2715715708873002E-4
3.902713832515836E-5
9.913334469555747E-5
1.2628079184863022E-4
1.5225234902072892E-4
1.3080250642961787E-4
3.771000490815595E-5
9.703451584116635E-5
1.2447547723261497E-4
1.523700702744902E-4
1.3124992112235428E-4
3.589318767321106E-5
9.437397090840248E-5
1.2262073620650943E-4
1.5138407954536968E-4
1.3873002268875078E-4
3.3668969058282685E-5
9.091312008202823E-5
1.1991611692418776E-4
1.5175192714670353E-4
1.3761777791123001E-4
3.1406787567874344E-5
8.693128509192215E-5
1.1631450289604907E-4
1.5069115141851683E-4
1.3982275100392984E-4
2.925732088338834E-5
8.279207748134427E-5
1.1165661841200017E-4
1.4917382965168763E-4
1.3329221528000573E-4
2.727638639809417E-5
7.864696377764376E-5
1.0658888638303878E-4
1.424050609826266E-4
1.4357766590788348E-4
2.5498053332073935E-5
7.461531548276768E-5
1.007262102882816E-4
1.38348384462568E-4
1.366927928159795E-4
2.3814125475508424E-5
7.085655947761774E-5
9.57498639162637E-5
1.341341600627172E-4
1.2399359234027107E-4
2.22316905582369E-5
6.743354273914305E-5
9.089773059058455E-5
1.2526656147058158E-4
1.3786179994946626E-4
2.0260515067768248E-5
6.366527792948042E-5
8.597115197580516E-5
1.2281172152973175E-4
1.2684314082703454E-4
1.811608298756116E-5
5.919729104372684E-5
8.219911777659542E-5
1.20354109263365E-4
1.093989732480002E-4
1.7349761205041612E-5
5.5594413951857747E-5
7.769137551216323E-5
1.1113068213273662E-4
1.2868672478195042E-4
1.8275431197012958E-5
5.458833179955451E-5
7.091200045622596E-5
1.0554136273972419E-4
1.2721605878788153E-4
1.9202648927330938E-5
5.549673924175187E-5
6.702552989636721E-5
9.960277935035899E-5
1.0568322820219007E-4
1.6686041454759495E-5
5.4057098124536146E-5
6.541079583566791E-5
9.419021115250949E-5
8.412831557288533E-5
1.1527124774674439E-5
4.881999504540396E-5
6.599016692011362E-5
9.442610093649865E-5
8.027724015685544E-5
7.202386401492359E-6
4.0726362168381E-5
6.455203105502071E-5
9.453518962379642E-5
1.1664479505620584E-4
5.626195783057791E-6
3.324987173341414E-5
5.7366614898660173E-5
1.0083406520337717E-4
1.0677724189394316E-4
5.815449782070697E-6
2.8802399131640488E-5
5.094834439336205E-5
9.167556181306563E-5
1.2129058359256249E-4
6.506098922226252E-6
2.7480754047619305E-5
4.428851651676267E-5
8.683877622890225E-5
1.0251378587706102E-4
7.504252502480719E-6
2.738302493725803E-5
4.128314222747384E-5
7.789895346244304E-5
8.304532305370427E-5
8.391727784633421E-6
2.8393507863932523E-5
3.8895817887179484E-5
6.503632046387602E-5
9.650127583652333E-5
9.481874431570963E-6
3.0433542050122816E-5
3.7447114698986016E-5
6.211886107928474E-5
7.475494043789384E-5
1.0326851701145866E-5
3.2204078719126085E-5
3.8320158739511884E-5
5.343209155277355E-5
8.376863179801006E-5
1.1263106902129292E-5
3.4880407513333684E-5
3.9967131107167907E-5
5.649405655855225E-5
6.341400617672982E-5
1.176414846258618E-5
3.661322538855967E-5
4.326593167574283E-5
5.680395325548012E-5
5.159925486649646E-5
1.2432766044894819E-5
3.8551442933532616E-5
4.650420248300395E-5
5.8879925171450555E-5
5.479142185798243E-5
1.2652843167445455E-5
3.968821819384415E-5
4.880895287101019E-5
6.341317678270051E-5
4.920041472885691E-5
1.2910856879368693E-5
4.061806700857935E-5
5.130336485231264E-5
6.491099094383014E-5
5.921500799187634E-5
1.2976692360766716E-5
4.1007701400592137E-5
5.172227565551002E-5
6.715286103228571E-5
7.544982615513462E-5
1.3089492674876415E-5
4.1184605639791455E-5
5.287784362040063E-5
7.315175344915092E-5
6.59233699037279E-5
1.3058918948024764E-5
4.128077677186619E-5
5.3913555799736344E-5
7.128772982189122E-5
8.019037524250865E-5
1.3163092378625109E-5
4.1573614101724296E-5
5.3669858765993474E-5
7.617981255516087E-5
6.379364565718961E-5
1.3136443864389224E-5
4.158084031407404E-5
5.498943273014268E-5
7.037055874906811E-5
9.641283318010507E-5
1.3316519844466026E-5
4.1812427074291004E-5
5.387601473732353E-5
7.66332505010095E-5
8.483411394579919E-5
1.3323074613356342E-5
4.18696445146323E-5
5.465229105793912E-5
7.823917385173845E-5
7.597134788963643E-5
1.3466091938974959E-5
4.225785469515724E-5
5.5610533605314304E-5
7.558913323294005E-5
8.980180613609198E-5
1.3524648275472332E-5
4.249508660805782E-5
5.511429494201651E-5
7.849946287760632E-5
7.913878056128095E-5
1.376732755288231E-5
4.279519558447571E-5
5.578172120995335E-5
7.836170446323734E-5
7.32709589134598E-5
1.3940011451659486E-5
4.323938348189173E-5
5.616086755713875E-5
7.731301820290679E-5
7.103383729634933E-5
1.4122456870408822E-5
4.35819695316896E-5
5.62559210511475E-5
7.70796620182458E-5
6.516087101854876E-5
1.4224816072405518E-5
4.3860034142210906E-5
5.671103767240912E-5
7.293785245582935E-5
9.049688656440617E-5
1.4388495087178223E-5
4.398144590512533E-5
5.567892351780271E-5
7.842683170362417E-5
7.839340542887375E-5
1.4402188104670905E-5
4.417646485911735E-5
5.6596515459347153E-5
8.004087272122596E-5
6.389075372763942E-5
1.450439389938182E-5
4.441409368487575E-5
5.704380053177869E-5
7.632718584099471E-5
7.817301920563242E-5
1.462182173983268E-5
4.4500235725602873E-5
5.6824035500139913E-5
7.848818677854166E-5
6.792402560929573E-5
1.4797090811143713E-5
4.465725286161597E-5
5.789981656791448E-5
7.376845060926498E-5
9.339088462523004E-5
1.4989877194638257E-5
4.491516051094416E-5
5.686232899752191E-5
7.842494009351002E-5
8.379689326249564E-5
1.5036910589716019E-5
4.510643974876172E-5
5.777845255151354E-5
8.032371271446493E-5
7.104163129523816E-5
1.5077519537143739E-5
4.542869289601275E-5
5.847475968582278E-5
7.730199736661587E-5
7.806032321329239E-5
1.5064446921586146E-5
4.5504279880648175E-5
5.784297719158223E-5
7.872907196794802E-5
6.601130518962074E-5
1.509620859937866E-5
4.5462451747108416E-5
5.840353751730216E-5
7.661388451415797E-5
6.22076797516944E-5
1.4944705320746334E-5
4.5290982285168266E-5
5.821430649696146E-5
7.350087793598195E-5
7.076602812628131E-5
1.4687936640180653E-5
4.4853212468315496E-5
5.8669558878371625E-5
7.652120757433429E-5
6.844053582625578E-5
1.4368141544526964E-5
4.412394112807757E-5
6.043548713706746E-5
7.387572652031612E-5
8.915334604839588E-5
1.3448103249545882E-5
4.287278316400868E-5
6.111417519465625E-5
7.99230878394153E-5
8.403431303430939E-5
1.3257556309622172E-5
4.2118361779092895E-5
6.34478411770903E-5
8.660911553406133E-5
8.321131098389677E-5
1.1087819957286709E-5
3.9479812713931E-5
6.446430282393486E-5
8.970145117359409E-5
9.05742860670312E-5
1.0040279975447623E-5
3.703007889409263E-5
6.36153064453762E-5
8.677133622265947E-5
1.0505144307506447E-4
5.535343435797684E-6
3.0309864515884987E-5
5.756902783226253E-5
8.557893292077412E-5
9.105053134604138E-5
5.262504618883674E-6
2.745017108182995E-5
5.39782318514634E-5
8.019597016963942E-5
8.624501618208699E-5
7.443189424406747E-7
1.8759490730848177E-5
4.5224921730301126E-5
7.099345857589785E-5
7.866996638715597E-5
2.488352165922594E-6
1.9189101859510923E-5
4.456889584980054E-5
6.888593425918006E-5
7.268336911160906E-5
0.0
9.341440713439693E-6
3.29793692413529E-5
5.5539672408302816E-5
7.407522277546454E-5
2.9549075386465033E-6
1.7882775424955904E-5
3.936896263471718E-5
5.959899762346152E-5
6.911475041344519E-5
0.0
3.924267818953784E-6
2.432700114606162E-5
4.977415422895864E-5
6.82825989338403E-5
1.172382229844072E-5
2.701775774584552E-5
3.8735706125498E-5
5.3489009179402534E-5
5.749542815706581E-5
7.172827394404927E-8
5.3087555575965445E-6
2.5564941077901287E-5
5.0020082659376785E-5
7.705108743278916E-5
2.9149128494296104E-5
3.409721113633007E-5
4.0808868821624535E-5
5.7638618228443265E-5
5.7919060508073336E-5
8.67418574376002E-6
1.1577632934399222E-5
3.14462697309374E-5
9.687760079612971E-5
1.6575440976973933E-4
