62.01622115847083 2.7029979519068516E-4 3215.0
47.49157018353371 8.330206157434674E-4 3975.0
33.44763565041957 0.0017175356920445869 4541.0
27.47255527173965 0.0028968477773418104 5114.0
26.468967447708497 0.004370897713896302 5818.0
22.319048560687282 0.006139681143387715 6340.0
20.45117788864282 0.008203348286652692 6899.0
16.956731246746013 0.010561487113607056 7467.0
15.231048475609677 0.013212946080739345 8096.0
13.536148410412883 0.016163201151251284 8773.0
13.071087725210843 0.019426297933306903 9447.0
12.528296387645367 0.022993476912600355 10048.0
11.77480745475044 0.02682798246701439 10640.0
11.025984827122992 0.03091976564938151 11265.0
9.956553667720152 0.03529391144699209 11891.0
8.956175195427285 0.03997757043032082 12556.0
8.001558069209294 0.0449839582190308 13203.0
7.029094463748882 0.050315803931124475 13845.0
6.231267914075213 0.055966995856996486 14571.0
5.508026083514513 0.061928826100389835 15317.0
4.91284220149248 0.06789967006132996 16073.0
4.401399823881872 0.07388104447382514 16820.0
4.0003785778729295 0.0798757826676171 17446.0
3.6589101254849905 0.08588561937950404 18050.0
3.383665269765995 0.09191211010337882 18640.0
3.1544002951701993 0.09795730118214488 19210.0
2.970970750921584 0.10402210016603444 19834.0
2.789529656654623 0.11010439141875214 20439.0
2.6263494524478963 0.1161987843202047 21031.0
2.4803366243784373 0.1222980188939637 21640.0
2.371232430828759 0.12839527720785174 22255.0
2.2644717266659184 0.13448612220696995 22849.0
2.1662624151020053 0.14056952022559654 23430.0
2.083582145242559 0.14664755090463882 24006.0
2.017570392502402 0.15272397253653938 24586.0
1.9628676222017178 0.1588025230340116 25158.0
1.9102518418424912 0.16488565560839058 25812.0
1.8608637009898457 0.17097424351248172 26498.0
1.8212298013585784 0.17706809329055437 27133.0
1.783575739931091 0.1831665522109871 27700.0
1.7478944650211372 0.18926895689873832 28245.0
1.712203408752243 0.19537475432582344 28806.0
1.680561668341386 0.20148338292971613 29370.0
1.6582089000487836 0.20759417191632917 29919.0
