-2 16 17 1 0
-2 17 18 2 1
-2 18 19 3 2
-2 19 20 4 3
-2 20 21 5 4
-2 21 22 6 5
-2 22 23 7 6
-2 23 24 8 7
-2 24 25 9 8
-2 25 26 10 9
-2 26 27 11 10
-2 27 28 12 11
-2 28 29 13 12
-2 29 30 14 13
-2 30 31 15 14
-2 32 33 17 16
-2 33 34 18 17
-2 34 35 19 18
-2 35 36 20 19
-2 36 37 21 20
-2 37 38 22 21
-2 38 39 23 22
-2 39 40 24 23
-2 40 41 25 24
-2 41 42 26 25
-2 42 43 27 26
-2 43 44 28 27
-2 44 45 29 28
-2 45 46 30 29
-2 46 47 31 30
-2 48 49 33 32
-2 49 50 34 33
-2 50 51 35 34
-2 51 52 36 35
-2 52 53 37 36
-2 53 54 38 37
-2 54 55 39 38
-2 55 56 40 39
-2 56 57 41 40
-2 57 58 42 41
-2 58 59 43 42
-2 59 60 44 43
-2 60 61 45 44
-2 61 62 46 45
-2 62 63 47 46
-2 64 65 49 48
-2 65 66 50 49
-2 66 67 51 50
-2 67 68 52 51
-2 68 69 53 52
-2 69 70 54 53
-2 70 71 55 54
-2 71 72 56 55
-2 72 73 57 56
-2 73 74 58 57
-2 74 75 59 58
-2 75 76 60 59
-2 76 77 61 60
-2 77 78 62 61
-2 78 79 63 62
-2 80 81 65 64
-2 81 82 66 65
-2 82 83 67 66
-2 83 84 68 67
-2 84 85 69 68
-2 85 86 70 69
-2 86 87 71 70
-2 87 88 72 71
-2 88 89 73 72
-2 89 90 74 73
-2 90 91 75 74
-2 91 92 76 75
-2 92 93 77 76
-2 93 94 78 77
-2 94 95 79 78
-2 96 97 81 80
-2 97 98 82 81
-2 98 99 83 82
-2 99 100 84 83
-2 100 101 85 84
-2 101 102 86 85
-2 102 103 87 86
-2 103 104 88 87
-2 104 105 89 88
-2 105 106 90 89
-2 106 107 91 90
-2 107 108 92 91
-2 108 109 93 92
-2 109 110 94 93
-2 110 111 95 94
-2 112 113 97 96
-2 113 114 98 97
-2 114 115 99 98
-2 115 116 100 99
-2 116 117 101 100
-2 117 118 102 101
-2 118 119 103 102
-2 119 120 104 103
-2 120 121 105 104
-2 121 122 106 105
-2 122 123 107 106
-2 123 124 108 107
-2 124 125 109 108
-2 125 126 110 109
-2 126 127 111 110
-2 128 129 113 112
-2 129 130 114 113
-2 130 131 115 114
-2 131 132 116 115
-2 132 133 117 116
-2 133 134 118 117
-2 134 135 119 118
-2 135 136 120 119
-2 136 137 121 120
-2 137 138 122 121
-2 138 139 123 122
-2 139 140 124 123
-2 140 141 125 124
-2 141 142 126 125
-2 142 143 127 126
-2 144 145 129 128
-2 145 146 130 129
-2 146 147 131 130
-2 147 148 132 131
-2 148 149 133 132
-2 149 150 134 133
-2 150 151 135 134
-2 151 152 136 135
-2 152 153 137 136
-2 153 154 138 137
-2 154 155 139 138
-2 155 156 140 139
-2 156 157 141 140
-2 157 158 142 141
-2 158 159 143 142
-2 160 161 145 144
-2 161 162 146 145
-2 162 163 147 146
-2 163 164 148 147
-2 164 165 149 148
-2 165 166 150 149
-2 166 167 151 150
-2 167 168 152 151
-2 168 169 153 152
-2 169 170 154 153
-2 170 171 155 154
-2 171 172 156 155
-2 172 173 157 156
-2 173 174 158 157
-2 174 175 159 158
-2 176 177 161 160
-2 177 178 162 161
-2 178 179 163 162
-2 179 180 164 163
-2 180 181 165 164
-2 181 182 166 165
-2 182 183 167 166
-2 183 184 168 167
-2 184 185 169 168
-2 185 186 170 169
-2 186 187 171 170
-2 187 188 172 171
-2 188 189 173 172
-2 189 190 174 173
-2 190 191 175 174
-2 192 193 177 176
-2 193 194 178 177
-2 194 195 179 178
-2 195 196 180 179
-2 196 197 181 180
-2 197 198 182 181
-2 198 199 183 182
-2 199 200 184 183
-2 200 201 185 184
-2 201 202 186 185
-2 202 203 187 186
-2 203 204 188 187
-2 204 205 189 188
-2 205 206 190 189
-2 206 207 191 190
-2 208 209 193 192
-2 209 210 194 193
-2 210 211 195 194
-2 211 212 196 195
-2 212 213 197 196
-2 213 214 198 197
-2 214 215 199 198
-2 215 216 200 199
-2 216 217 201 200
-2 217 218 202 201
-2 218 219 203 202
-2 219 220 204 203
-2 220 221 205 204
-2 221 222 206 205
-2 222 223 207 206
-2 224 225 209 208
-2 225 226 210 209
-2 226 227 211 210
-2 227 228 212 211
-2 228 229 213 212
-2 229 230 214 213
-2 230 231 215 214
-2 231 232 216 215
-2 232 233 217 216
-2 233 234 218 217
-2 234 235 219 218
-2 235 236 220 219
-2 236 237 221 220
-2 237 238 222 221
-2 238 239 223 222
-2 240 241 225 224
-2 241 242 226 225
-2 242 243 227 226
-2 243 244 228 227
-2 244 245 229 228
-2 245 246 230 229
-2 246 247 231 230
-2 247 248 232 231
-2 248 249 233 232
-2 249 250 234 233
-2 250 251 235 234
-2 251 252 236 235
-2 252 253 237 236
-2 253 254 238 237
-2 254 255 239 238
-3 6144 6145 6161 6160
-3 6145 6146 6162 6161
-3 6146 6147 6163 6162
-3 6147 6148 6164 6163
-3 6148 6149 6165 6164
-3 6149 6150 6166 6165
-3 6150 6151 6167 6166
-3 6151 6152 6168 6167
-3 6152 6153 6169 6168
-3 6153 6154 6170 6169
-3 6154 6155 6171 6170
-3 6155 6156 6172 6171
-3 6156 6157 6173 6172
-3 6157 6158 6174 6173
-3 6158 6159 6175 6174
-3 6160 6161 6177 6176
-3 6161 6162 6178 6177
-3 6162 6163 6179 6178
-3 6163 6164 6180 6179
-3 6164 6165 6181 6180
-3 6165 6166 6182 6181
-3 6166 6167 6183 6182
-3 6167 6168 6184 6183
-3 6168 6169 6185 6184
-3 6169 6170 6186 6185
-3 6170 6171 6187 6186
-3 6171 6172 6188 6187
-3 6172 6173 6189 6188
-3 6173 6174 6190 6189
-3 6174 6175 6191 6190
-3 6176 6177 6193 6192
-3 6177 6178 6194 6193
-3 6178 6179 6195 6194
-3 6179 6180 6196 6195
-3 6180 6181 6197 6196
-3 6181 6182 6198 6197
-3 6182 6183 6199 6198
-3 6183 6184 6200 6199
-3 6184 6185 6201 6200
-3 6185 6186 6202 6201
-3 6186 6187 6203 6202
-3 6187 6188 6204 6203
-3 6188 6189 6205 6204
-3 6189 6190 6206 6205
-3 6190 6191 6207 6206
-3 6192 6193 6209 6208
-3 6193 6194 6210 6209
-3 6194 6195 6211 6210
-3 6195 6196 6212 6211
-3 6196 6197 6213 6212
-3 6197 6198 6214 6213
-3 6198 6199 6215 6214
-3 6199 6200 6216 6215
-3 6200 6201 6217 6216
-3 6201 6202 6218 6217
-3 6202 6203 6219 6218
-3 6203 6204 6220 6219
-3 6204 6205 6221 6220
-3 6205 6206 6222 6221
-3 6206 6207 6223 6222
-3 6208 6209 6225 6224
-3 6209 6210 6226 6225
-3 6210 6211 6227 6226
-3 6211 6212 6228 6227
-3 6212 6213 6229 6228
-3 6213 6214 6230 6229
-3 6214 6215 6231 6230
-3 6215 6216 6232 6231
-3 6216 6217 6233 6232
-3 6217 6218 6234 6233
-3 6218 6219 6235 6234
-3 6219 6220 6236 6235
-3 6220 6221 6237 6236
-3 6221 6222 6238 6237
-3 6222 6223 6239 6238
-3 6224 6225 6241 6240
-3 6225 6226 6242 6241
-3 6226 6227 6243 6242
-3 6227 6228 6244 6243
-3 6228 6229 6245 6244
-3 6229 6230 6246 6245
-3 6230 6231 6247 6246
-3 6231 6232 6248 6247
-3 6232 6233 6249 6248
-3 6233 6234 6250 6249
-3 6234 6235 6251 6250
-3 6235 6236 6252 6251
-3 6236 6237 6253 6252
-3 6237 6238 6254 6253
-3 6238 6239 6255 6254
-3 6240 6241 6257 6256
-3 6241 6242 6258 6257
-3 6242 6243 6259 6258
-3 6243 6244 6260 6259
-3 6244 6245 6261 6260
-3 6245 6246 6262 6261
-3 6246 6247 6263 6262
-3 6247 6248 6264 6263
-3 6248 6249 6265 6264
-3 6249 6250 6266 6265
-3 6250 6251 6267 6266
-3 6251 6252 6268 6267
-3 6252 6253 6269 6268
-3 6253 6254 6270 6269
-3 6254 6255 6271 6270
-3 6256 6257 6273 6272
-3 6257 6258 6274 6273
-3 6258 6259 6275 6274
-3 6259 6260 6276 6275
-3 6260 6261 6277 6276
-3 6261 6262 6278 6277
-3 6262 6263 6279 6278
-3 6263 6264 6280 6279
-3 6264 6265 6281 6280
-3 6265 6266 6282 6281
-3 6266 6267 6283 6282
-3 6267 6268 6284 6283
-3 6268 6269 6285 6284
-3 6269 6270 6286 6285
-3 6270 6271 6287 6286
-3 6272 6273 6289 6288
-3 6273 6274 6290 6289
-3 6274 6275 6291 6290
-3 6275 6276 6292 6291
-3 6276 6277 6293 6292
-3 6277 6278 6294 6293
-3 6278 6279 6295 6294
-3 6279 6280 6296 6295
-3 6280 6281 6297 6296
-3 6281 6282 6298 6297
-3 6282 6283 6299 6298
-3 6283 6284 6300 6299
-3 6284 6285 6301 6300
-3 6285 6286 6302 6301
-3 6286 6287 6303 6302
-3 6288 6289 6305 6304
-3 6289 6290 6306 6305
-3 6290 6291 6307 6306
-3 6291 6292 6308 6307
-3 6292 6293 6309 6308
-3 6293 6294 6310 6309
-3 6294 6295 6311 6310
-3 6295 6296 6312 6311
-3 6296 6297 6313 6312
-3 6297 6298 6314 6313
-3 6298 6299 6315 6314
-3 6299 6300 6316 6315
-3 6300 6301 6317 6316
-3 6301 6302 6318 6317
-3 6302 6303 6319 6318
-3 6304 6305 6321 6320
-3 6305 6306 6322 6321
-3 6306 6307 6323 6322
-3 6307 6308 6324 6323
-3 6308 6309 6325 6324
-3 6309 6310 6326 6325
-3 6310 6311 6327 6326
-3 6311 6312 6328 6327
-3 6312 6313 6329 6328
-3 6313 6314 6330 6329
-3 6314 6315 6331 6330
-3 6315 6316 6332 6331
-3 6316 6317 6333 6332
-3 6317 6318 6334 6333
-3 6318 6319 6335 6334
-3 6320 6321 6337 6336
-3 6321 6322 6338 6337
-3 6322 6323 6339 6338
-3 6323 6324 6340 6339
-3 6324 6325 6341 6340
-3 6325 6326 6342 6341
-3 6326 6327 6343 6342
-3 6327 6328 6344 6343
-3 6328 6329 6345 6344
-3 6329 6330 6346 6345
-3 6330 6331 6347 6346
-3 6331 6332 6348 6347
-3 6332 6333 6349 6348
-3 6333 6334 6350 6349
-3 6334 6335 6351 6350
-3 6336 6337 6353 6352
-3 6337 6338 6354 6353
-3 6338 6339 6355 6354
-3 6339 6340 6356 6355
-3 6340 6341 6357 6356
-3 6341 6342 6358 6357
-3 6342 6343 6359 6358
-3 6343 6344 6360 6359
-3 6344 6345 6361 6360
-3 6345 6346 6362 6361
-3 6346 6347 6363 6362
-3 6347 6348 6364 6363
-3 6348 6349 6365 6364
-3 6349 6350 6366 6365
-3 6350 6351 6367 6366
-3 6352 6353 6369 6368
-3 6353 6354 6370 6369
-3 6354 6355 6371 6370
-3 6355 6356 6372 6371
-3 6356 6357 6373 6372
-3 6357 6358 6374 6373
-3 6358 6359 6375 6374
-3 6359 6360 6376 6375
-3 6360 6361 6377 6376
-3 6361 6362 6378 6377
-3 6362 6363 6379 6378
-3 6363 6364 6380 6379
-3 6364 6365 6381 6380
-3 6365 6366 6382 6381
-3 6366 6367 6383 6382
-3 6368 6369 6385 6384
-3 6369 6370 6386 6385
-3 6370 6371 6387 6386
-3 6371 6372 6388 6387
-3 6372 6373 6389 6388
-3 6373 6374 6390 6389
-3 6374 6375 6391 6390
-3 6375 6376 6392 6391
-3 6376 6377 6393 6392
-3 6377 6378 6394 6393
-3 6378 6379 6395 6394
-3 6379 6380 6396 6395
-3 6380 6381 6397 6396
-3 6381 6382 6398 6397
-3 6382 6383 6399 6398
