0 50 55 5 1 51 56 6
1 51 56 6 2 52 57 7
2 52 57 7 3 53 58 8
3 53 58 8 4 54 59 9
5 55 60 10 6 56 61 11
6 56 61 11 7 57 62 12
7 57 62 12 8 58 63 13
8 58 63 13 9 59 64 14
10 60 65 15 11 61 66 16
11 61 66 16 12 62 67 17
12 62 67 17 13 63 68 18
13 63 68 18 14 64 69 19
15 65 70 20 16 66 71 21
16 66 71 21 17 67 72 22
17 67 72 22 18 68 73 23
18 68 73 23 19 69 74 24
20 70 75 25 21 71 76 26
21 71 76 26 22 72 77 27
22 72 77 27 23 73 78 28
23 73 78 28 24 74 79 29
25 75 80 30 26 76 81 31
26 76 81 31 27 77 82 32
27 77 82 32 28 78 83 33
28 78 83 33 29 79 84 34
30 80 85 35 31 81 86 36
31 81 86 36 32 82 87 37
32 82 87 37 33 83 88 38
33 83 88 38 34 84 89 39
35 85 90 40 36 86 91 41
36 86 91 41 37 87 92 42
37 87 92 42 38 88 93 43
38 88 93 43 39 89 94 44
40 90 50 0 41 91 51 1
41 91 51 1 42 92 52 2
42 92 52 2 43 93 53 3
43 93 53 3 44 94 54 4
50 100 105 55 51 101 106 56
51 101 106 56 52 102 107 57
52 102 107 57 53 103 108 58
53 103 108 58 54 104 109 59
55 105 110 60 56 106 111 61
56 106 111 61 57 107 112 62
57 107 112 62 58 108 113 63
58 108 113 63 59 109 114 64
60 110 115 65 61 111 116 66
61 111 116 66 62 112 117 67
62 112 117 67 63 113 118 68
63 113 118 68 64 114 119 69
65 115 120 70 66 116 121 71
66 116 121 71 67 117 122 72
67 117 122 72 68 118 123 73
68 118 123 73 69 119 124 74
70 120 125 75 71 121 126 76
71 121 126 76 72 122 127 77
72 122 127 77 73 123 128 78
73 123 128 78 74 124 129 79
75 125 130 80 76 126 131 81
76 126 131 81 77 127 132 82
77 127 132 82 78 128 133 83
78 128 133 83 79 129 134 84
80 130 135 85 81 131 136 86
81 131 136 86 82 132 137 87
82 132 137 87 83 133 138 88
83 133 138 88 84 134 139 89
85 135 140 90 86 136 141 91
86 136 141 91 87 137 142 92
87 137 142 92 88 138 143 93
88 138 143 93 89 139 144 94
90 140 100 50 91 141 101 51
91 141 101 51 92 142 102 52
92 142 102 52 93 143 103 53
93 143 103 53 94 144 104 54
100 150 155 105 101 151 156 106
101 151 156 106 102 152 157 107
102 152 157 107 103 153 158 108
103 153 158 108 104 154 159 109
105 155 160 110 106 156 161 111
106 156 161 111 107 157 162 112
107 157 162 112 108 158 163 113
108 158 163 113 109 159 164 114
110 160 165 115 111 161 166 116
111 161 166 116 112 162 167 117
112 162 167 117 113 163 168 118
113 163 168 118 114 164 169 119
115 165 170 120 116 166 171 121
116 166 171 121 117 167 172 122
117 167 172 122 118 168 173 123
118 168 173 123 119 169 174 124
120 170 175 125 121 171 176 126
121 171 176 126 122 172 177 127
122 172 177 127 123 173 178 128
123 173 178 128 124 174 179 129
125 175 180 130 126 176 181 131
126 176 181 131 127 177 182 132
127 177 182 132 128 178 183 133
128 178 183 133 129 179 184 134
130 180 185 135 131 181 186 136
131 181 186 136 132 182 187 137
132 182 187 137 133 183 188 138
133 183 188 138 134 184 189 139
135 185 190 140 136 186 191 141
136 186 191 141 137 187 192 142
137 187 192 142 138 188 193 143
138 188 193 143 139 189 194 144
140 190 150 100 141 191 151 101
141 191 151 101 142 192 152 102
142 192 152 102 143 193 153 103
143 193 153 103 144 194 154 104
150 200 205 155 151 201 206 156
151 201 206 156 152 202 207 157
152 202 207 157 153 203 208 158
153 203 208 158 154 204 209 159
155 205 210 160 156 206 211 161
156 206 211 161 157 207 212 162
157 207 212 162 158 208 213 163
158 208 213 163 159 209 214 164
160 210 215 165 161 211 216 166
161 211 216 166 162 212 217 167
162 212 217 167 163 213 218 168
163 213 218 168 164 214 219 169
165 215 220 170 166 216 221 171
166 216 221 171 167 217 222 172
167 217 222 172 168 218 223 173
168 218 223 173 169 219 224 174
170 220 225 175 171 221 226 176
171 221 226 176 172 222 227 177
172 222 227 177 173 223 228 178
173 223 228 178 174 224 229 179
175 225 230 180 176 226 231 181
176 226 231 181 177 227 232 182
177 227 232 182 178 228 233 183
178 228 233 183 179 229 234 184
180 230 235 185 181 231 236 186
181 231 236 186 182 232 237 187
182 232 237 187 183 233 238 188
183 233 238 188 184 234 239 189
185 235 240 190 186 236 241 191
186 236 241 191 187 237 242 192
187 237 242 192 188 238 243 193
188 238 243 193 189 239 244 194
190 240 200 150 191 241 201 151
191 241 201 151 192 242 202 152
192 242 202 152 193 243 203 153
193 243 203 153 194 244 204 154
200 250 255 205 201 251 256 206
201 251 256 206 202 252 257 207
202 252 257 207 203 253 258 208
203 253 258 208 204 254 259 209
205 255 260 210 206 256 261 211
206 256 261 211 207 257 262 212
207 257 262 212 208 258 263 213
208 258 263 213 209 259 264 214
210 260 265 215 211 261 266 216
211 261 266 216 212 262 267 217
212 262 267 217 213 263 268 218
213 263 268 218 214 264 269 219
215 265 270 220 216 266 271 221
216 266 271 221 217 267 272 222
217 267 272 222 218 268 273 223
218 268 273 223 219 269 274 224
220 270 275 225 221 271 276 226
221 271 276 226 222 272 277 227
222 272 277 227 223 273 278 228
223 273 278 228 224 274 279 229
225 275 280 230 226 276 281 231
226 276 281 231 227 277 282 232
227 277 282 232 228 278 283 233
228 278 283 233 229 279 284 234
230 280 285 235 231 281 286 236
231 281 286 236 232 282 287 237
232 282 287 237 233 283 288 238
233 283 288 238 234 284 289 239
235 285 290 240 236 286 291 241
236 286 291 241 237 287 292 242
237 287 292 242 238 288 293 243
238 288 293 243 239 289 294 244
240 290 250 200 241 291 251 201
241 291 251 201 242 292 252 202
242 292 252 202 243 293 253 203
243 293 253 203 244 294 254 204
250 300 305 255 251 301 306 256
251 301 306 256 252 302 307 257
252 302 307 257 253 303 308 258
253 303 308 258 254 304 309 259
255 305 310 260 256 306 311 261
256 306 311 261 257 307 312 262
257 307 312 262 258 308 313 263
258 308 313 263 259 309 314 264
260 310 315 265 261 311 316 266
261 311 316 266 262 312 317 267
262 312 317 267 263 313 318 268
263 313 318 268 264 314 319 269
265 315 320 270 266 316 321 271
266 316 321 271 267 317 322 272
267 317 322 272 268 318 323 273
268 318 323 273 269 319 324 274
270 320 325 275 271 321 326 276
271 321 326 276 272 322 327 277
272 322 327 277 273 323 328 278
273 323 328 278 274 324 329 279
275 325 330 280 276 326 331 281
276 326 331 281 277 327 332 282
277 327 332 282 278 328 333 283
278 328 333 283 279 329 334 284
280 330 335 285 281 331 336 286
281 331 336 286 282 332 337 287
282 332 337 287 283 333 338 288
283 333 338 288 284 334 339 289
285 335 340 290 286 336 341 291
286 336 341 291 287 337 342 292
287 337 342 292 288 338 343 293
288 338 343 293 289 339 344 294
290 340 300 250 291 341 301 251
291 341 301 251 292 342 302 252
292 342 302 252 293 343 303 253
293 343 303 253 294 344 304 254
300 350 355 305 301 351 356 306
301 351 356 306 302 352 357 307
302 352 357 307 303 353 358 308
303 353 358 308 304 354 359 309
305 355 360 310 306 356 361 311
306 356 361 311 307 357 362 312
307 357 362 312 308 358 363 313
308 358 363 313 309 359 364 314
310 360 365 315 311 361 366 316
311 361 366 316 312 362 367 317
312 362 367 317 313 363 368 318
313 363 368 318 314 364 369 319
315 365 370 320 316 366 371 321
316 366 371 321 317 367 372 322
317 367 372 322 318 368 373 323
318 368 373 323 319 369 374 324
320 370 375 325 321 371 376 326
321 371 376 326 322 372 377 327
322 372 377 327 323 373 378 328
323 373 378 328 324 374 379 329
325 375 380 330 326 376 381 331
326 376 381 331 327 377 382 332
327 377 382 332 328 378 383 333
328 378 383 333 329 379 384 334
330 380 385 335 331 381 386 336
331 381 386 336 332 382 387 337
332 382 387 337 333 383 388 338
333 383 388 338 334 384 389 339
335 385 390 340 336 386 391 341
336 386 391 341 337 387 392 342
337 387 392 342 338 388 393 343
338 388 393 343 339 389 394 344
340 390 350 300 341 391 351 301
341 391 351 301 342 392 352 302
342 392 352 302 343 393 353 303
343 393 353 303 344 394 354 304
350 400 405 355 351 401 406 356
351 401 406 356 352 402 407 357
352 402 407 357 353 403 408 358
353 403 408 358 354 404 409 359
355 405 410 360 356 406 411 361
356 406 411 361 357 407 412 362
357 407 412 362 358 408 413 363
358 408 413 363 359 409 414 364
360 410 415 365 361 411 416 366
361 411 416 366 362 412 417 367
362 412 417 367 363 413 418 368
363 413 418 368 364 414 419 369
365 415 420 370 366 416 421 371
366 416 421 371 367 417 422 372
367 417 422 372 368 418 423 373
368 418 423 373 369 419 424 374
370 420 425 375 371 421 426 376
371 421 426 376 372 422 427 377
372 422 427 377 373 423 428 378
373 423 428 378 374 424 429 379
375 425 430 380 376 426 431 381
376 426 431 381 377 427 432 382
377 427 432 382 378 428 433 383
378 428 433 383 379 429 434 384
380 430 435 385 381 431 436 386
381 431 436 386 382 432 437 387
382 432 437 387 383 433 438 388
383 433 438 388 384 434 439 389
385 435 440 390 386 436 441 391
386 436 441 391 387 437 442 392
387 437 442 392 388 438 443 393
388 438 443 393 389 439 444 394
390 440 400 350 391 441 401 351
391 441 401 351 392 442 402 352
392 442 402 352 393 443 403 353
393 443 403 353 394 444 404 354
400 450 455 405 401 451 456 406
401 451 456 406 402 452 457 407
402 452 457 407 403 453 458 408
403 453 458 408 404 454 459 409
405 455 460 410 406 456 461 411
406 456 461 411 407 457 462 412
407 457 462 412 408 458 463 413
408 458 463 413 409 459 464 414
410 460 465 415 411 461 466 416
411 461 466 416 412 462 467 417
412 462 467 417 413 463 468 418
413 463 468 418 414 464 469 419
415 465 470 420 416 466 471 421
416 466 471 421 417 467 472 422
417 467 472 422 418 468 473 423
418 468 473 423 419 469 474 424
420 470 475 425 421 471 476 426
421 471 476 426 422 472 477 427
422 472 477 427 423 473 478 428
423 473 478 428 424 474 479 429
425 475 480 430 426 476 481 431
426 476 481 431 427 477 482 432
427 477 482 432 428 478 483 433
428 478 483 433 429 479 484 434
430 480 485 435 431 481 486 436
431 481 486 436 432 482 487 437
432 482 487 437 433 483 488 438
433 483 488 438 434 484 489 439
435 485 490 440 436 486 491 441
436 486 491 441 437 487 492 442
437 487 492 442 438 488 493 443
438 488 493 443 439 489 494 444
440 490 450 400 441 491 451 401
441 491 451 401 442 492 452 402
442 492 452 402 443 493 453 403
443 493 453 403 444 494 454 404
