0 0 1
0 0 1.025
0 0 1.05
0 0 1.075
0 0 1.1
0 0.6981317007977318 1
0 0.6981317007977318 1.025
0 0.6981317007977318 1.05
0 0.6981317007977318 1.075
0 0.6981317007977318 1.1
0 1.396263401595464 1
0 1.396263401595464 1.025
0 1.396263401595464 1.05
0 1.396263401595464 1.075
0 1.396263401595464 1.1
0 2.094395102393195 1
0 2.094395102393195 1.025
0 2.094395102393195 1.05
0 2.094395102393195 1.075
0 2.094395102393195 1.1
0 2.792526803190927 1
0 2.792526803190927 1.025
0 2.792526803190927 1.05
0 2.792526803190927 1.075
0 2.792526803190927 1.1
0 3.490658503988659 1
0 3.490658503988659 1.025
0 3.490658503988659 1.05
0 3.490658503988659 1.075
0 3.490658503988659 1.1
0 4.188790204786391 1
0 4.188790204786391 1.025
0 4.188790204786391 1.05
0 4.188790204786391 1.075
0 4.188790204786391 1.1
0 4.886921905584122 1
0 4.886921905584122 1.025
0 4.886921905584122 1.05
0 4.886921905584122 1.075
0 4.886921905584122 1.1
0 5.585053606381854 1
0 5.585053606381854 1.025
0 5.585053606381854 1.05
0 5.585053606381854 1.075
0 5.585053606381854 1.1
0 6.283185307179586 1
0 6.283185307179586 1.025
0 6.283185307179586 1.05
0 6.283185307179586 1.075
0 6.283185307179586 1.1
0.3333333333333333 0 1
0.3333333333333333 0 1.025
0.3333333333333333 0 1.05
0.3333333333333333 0 1.075
0.3333333333333333 0 1.1
0.3333333333333333 0.6981317007977318 1
0.3333333333333333 0.6981317007977318 1.025
0.3333333333333333 0.6981317007977318 1.05
0.3333333333333333 0.6981317007977318 1.075
0.3333333333333333 0.6981317007977318 1.1
0.3333333333333333 1.396263401595464 1
0.3333333333333333 1.396263401595464 1.025
0.3333333333333333 1.396263401595464 1.05
0.3333333333333333 1.396263401595464 1.075
0.3333333333333333 1.396263401595464 1.1
0.3333333333333333 2.094395102393195 1
0.3333333333333333 2.094395102393195 1.025
0.3333333333333333 2.094395102393195 1.05
0.3333333333333333 2.094395102393195 1.075
0.3333333333333333 2.094395102393195 1.1
0.3333333333333333 2.792526803190927 1
0.3333333333333333 2.792526803190927 1.025
0.3333333333333333 2.792526803190927 1.05
0.3333333333333333 2.792526803190927 1.075
0.3333333333333333 2.792526803190927 1.1
0.3333333333333333 3.490658503988659 1
0.3333333333333333 3.490658503988659 1.025
0.3333333333333333 3.490658503988659 1.05
0.3333333333333333 3.490658503988659 1.075
0.3333333333333333 3.490658503988659 1.1
0.3333333333333333 4.188790204786391 1
0.3333333333333333 4.188790204786391 1.025
0.3333333333333333 4.188790204786391 1.05
0.3333333333333333 4.188790204786391 1.075
0.3333333333333333 4.188790204786391 1.1
0.3333333333333333 4.886921905584122 1
0.3333333333333333 4.886921905584122 1.025
0.3333333333333333 4.886921905584122 1.05
0.3333333333333333 4.886921905584122 1.075
0.3333333333333333 4.886921905584122 1.1
0.3333333333333333 5.585053606381854 1
0.3333333333333333 5.585053606381854 1.025
0.3333333333333333 5.585053606381854 1.05
0.3333333333333333 5.585053606381854 1.075
0.3333333333333333 5.585053606381854 1.1
0.3333333333333333 6.283185307179586 1
0.3333333333333333 6.283185307179586 1.025
0.3333333333333333 6.283185307179586 1.05
0.3333333333333333 6.283185307179586 1.075
0.3333333333333333 6.283185307179586 1.1
0.6666666666666666 0 1
0.6666666666666666 0 1.025
0.6666666666666666 0 1.05
0.6666666666666666 0 1.075
0.6666666666666666 0 1.1
0.6666666666666666 0.6981317007977318 1
0.6666666666666666 0.6981317007977318 1.025
0.6666666666666666 0.6981317007977318 1.05
0.6666666666666666 0.6981317007977318 1.075
0.6666666666666666 0.6981317007977318 1.1
0.6666666666666666 1.396263401595464 1
0.6666666666666666 1.396263401595464 1.025
0.6666666666666666 1.396263401595464 1.05
0.6666666666666666 1.396263401595464 1.075
0.6666666666666666 1.396263401595464 1.1
0.6666666666666666 2.094395102393195 1
0.6666666666666666 2.094395102393195 1.025
0.6666666666666666 2.094395102393195 1.05
0.6666666666666666 2.094395102393195 1.075
0.6666666666666666 2.094395102393195 1.1
0.6666666666666666 2.792526803190927 1
0.6666666666666666 2.792526803190927 1.025
0.6666666666666666 2.792526803190927 1.05
0.6666666666666666 2.792526803190927 1.075
0.6666666666666666 2.792526803190927 1.1
0.6666666666666666 3.490658503988659 1
0.6666666666666666 3.490658503988659 1.025
0.6666666666666666 3.490658503988659 1.05
0.6666666666666666 3.490658503988659 1.075
0.6666666666666666 3.490658503988659 1.1
0.6666666666666666 4.188790204786391 1
0.6666666666666666 4.188790204786391 1.025
0.6666666666666666 4.188790204786391 1.05
0.6666666666666666 4.188790204786391 1.075
0.6666666666666666 4.188790204786391 1.1
0.6666666666666666 4.886921905584122 1
0.6666666666666666 4.886921905584122 1.025
0.6666666666666666 4.886921905584122 1.05
0.6666666666666666 4.886921905584122 1.075
0.6666666666666666 4.886921905584122 1.1
0.6666666666666666 5.585053606381854 1
0.6666666666666666 5.585053606381854 1.025
0.6666666666666666 5.585053606381854 1.05
0.6666666666666666 5.585053606381854 1.075
0.6666666666666666 5.585053606381854 1.1
0.6666666666666666 6.283185307179586 1
0.6666666666666666 6.283185307179586 1.025
0.6666666666666666 6.283185307179586 1.05
0.6666666666666666 6.283185307179586 1.075
0.6666666666666666 6.283185307179586 1.1
1 0 1
1 0 1.025
1 0 1.05
1 0 1.075
1 0 1.1
1 0.6981317007977318 1
1 0.6981317007977318 1.025
1 0.6981317007977318 1.05
1 0.6981317007977318 1.075
1 0.6981317007977318 1.1
1 1.396263401595464 1
1 1.396263401595464 1.025
1 1.396263401595464 1.05
1 1.396263401595464 1.075
1 1.396263401595464 1.1
1 2.094395102393195 1
1 2.094395102393195 1.025
1 2.094395102393195 1.05
1 2.094395102393195 1.075
1 2.094395102393195 1.1
1 2.792526803190927 1
1 2.792526803190927 1.025
1 2.792526803190927 1.05
1 2.792526803190927 1.075
1 2.792526803190927 1.1
1 3.490658503988659 1
1 3.490658503988659 1.025
1 3.490658503988659 1.05
1 3.490658503988659 1.075
1 3.490658503988659 1.1
1 4.188790204786391 1
1 4.188790204786391 1.025
1 4.188790204786391 1.05
1 4.188790204786391 1.075
1 4.188790204786391 1.1
1 4.886921905584122 1
1 4.886921905584122 1.025
1 4.886921905584122 1.05
1 4.886921905584122 1.075
1 4.886921905584122 1.1
1 5.585053606381854 1
1 5.585053606381854 1.025
1 5.585053606381854 1.05
1 5.585053606381854 1.075
1 5.585053606381854 1.1
1 6.283185307179586 1
1 6.283185307179586 1.025
1 6.283185307179586 1.05
1 6.283185307179586 1.075
1 6.283185307179586 1.1
1.333333333333333 0 1
1.333333333333333 0 1.025
1.333333333333333 0 1.05
1.333333333333333 0 1.075
1.333333333333333 0 1.1
1.333333333333333 0.6981317007977318 1
1.333333333333333 0.6981317007977318 1.025
1.333333333333333 0.6981317007977318 1.05
1.333333333333333 0.6981317007977318 1.075
1.333333333333333 0.6981317007977318 1.1
1.333333333333333 1.396263401595464 1
1.333333333333333 1.396263401595464 1.025
1.333333333333333 1.396263401595464 1.05
1.333333333333333 1.396263401595464 1.075
1.333333333333333 1.396263401595464 1.1
1.333333333333333 2.094395102393195 1
1.333333333333333 2.094395102393195 1.025
1.333333333333333 2.094395102393195 1.05
1.333333333333333 2.094395102393195 1.075
1.333333333333333 2.094395102393195 1.1
1.333333333333333 2.792526803190927 1
1.333333333333333 2.792526803190927 1.025
1.333333333333333 2.792526803190927 1.05
1.333333333333333 2.792526803190927 1.075
1.333333333333333 2.792526803190927 1.1
1.333333333333333 3.490658503988659 1
1.333333333333333 3.490658503988659 1.025
1.333333333333333 3.490658503988659 1.05
1.333333333333333 3.490658503988659 1.075
1.333333333333333 3.490658503988659 1.1
1.333333333333333 4.188790204786391 1
1.333333333333333 4.188790204786391 1.025
1.333333333333333 4.188790204786391 1.05
1.333333333333333 4.188790204786391 1.075
1.333333333333333 4.188790204786391 1.1
1.333333333333333 4.886921905584122 1
1.333333333333333 4.886921905584122 1.025
1.333333333333333 4.886921905584122 1.05
1.333333333333333 4.886921905584122 1.075
1.333333333333333 4.886921905584122 1.1
1.333333333333333 5.585053606381854 1
1.333333333333333 5.585053606381854 1.025
1.333333333333333 5.585053606381854 1.05
1.333333333333333 5.585053606381854 1.075
1.333333333333333 5.585053606381854 1.1
1.333333333333333 6.283185307179586 1
1.333333333333333 6.283185307179586 1.025
1.333333333333333 6.283185307179586 1.05
1.333333333333333 6.283185307179586 1.075
1.333333333333333 6.283185307179586 1.1
1.666666666666667 0 1
1.666666666666667 0 1.025
1.666666666666667 0 1.05
1.666666666666667 0 1.075
1.666666666666667 0 1.1
1.666666666666667 0.6981317007977318 1
1.666666666666667 0.6981317007977318 1.025
1.666666666666667 0.6981317007977318 1.05
1.666666666666667 0.6981317007977318 1.075
1.666666666666667 0.6981317007977318 1.1
1.666666666666667 1.396263401595464 1
1.666666666666667 1.396263401595464 1.025
1.666666666666667 1.396263401595464 1.05
1.666666666666667 1.396263401595464 1.075
1.666666666666667 1.396263401595464 1.1
1.666666666666667 2.094395102393195 1
1.666666666666667 2.094395102393195 1.025
1.666666666666667 2.094395102393195 1.05
1.666666666666667 2.094395102393195 1.075
1.666666666666667 2.094395102393195 1.1
1.666666666666667 2.792526803190927 1
1.666666666666667 2.792526803190927 1.025
1.666666666666667 2.792526803190927 1.05
1.666666666666667 2.792526803190927 1.075
1.666666666666667 2.792526803190927 1.1
1.666666666666667 3.490658503988659 1
1.666666666666667 3.490658503988659 1.025
1.666666666666667 3.490658503988659 1.05
1.666666666666667 3.490658503988659 1.075
1.666666666666667 3.490658503988659 1.1
1.666666666666667 4.188790204786391 1
1.666666666666667 4.188790204786391 1.025
1.666666666666667 4.188790204786391 1.05
1.666666666666667 4.188790204786391 1.075
1.666666666666667 4.188790204786391 1.1
1.666666666666667 4.886921905584122 1
1.666666666666667 4.886921905584122 1.025
1.666666666666667 4.886921905584122 1.05
1.666666666666667 4.886921905584122 1.075
1.666666666666667 4.886921905584122 1.1
1.666666666666667 5.585053606381854 1
1.666666666666667 5.585053606381854 1.025
1.666666666666667 5.585053606381854 1.05
1.666666666666667 5.585053606381854 1.075
1.666666666666667 5.585053606381854 1.1
1.666666666666667 6.283185307179586 1
1.666666666666667 6.283185307179586 1.025
1.666666666666667 6.283185307179586 1.05
1.666666666666667 6.283185307179586 1.075
1.666666666666667 6.283185307179586 1.1
2 0 1
2 0 1.025
2 0 1.05
2 0 1.075
2 0 1.1
2 0.6981317007977318 1
2 0.6981317007977318 1.025
2 0.6981317007977318 1.05
2 0.6981317007977318 1.075
2 0.6981317007977318 1.1
2 1.396263401595464 1
2 1.396263401595464 1.025
2 1.396263401595464 1.05
2 1.396263401595464 1.075
2 1.396263401595464 1.1
2 2.094395102393195 1
2 2.094395102393195 1.025
2 2.094395102393195 1.05
2 2.094395102393195 1.075
2 2.094395102393195 1.1
2 2.792526803190927 1
2 2.792526803190927 1.025
2 2.792526803190927 1.05
2 2.792526803190927 1.075
2 2.792526803190927 1.1
2 3.490658503988659 1
2 3.490658503988659 1.025
2 3.490658503988659 1.05
2 3.490658503988659 1.075
2 3.490658503988659 1.1
2 4.188790204786391 1
2 4.188790204786391 1.025
2 4.188790204786391 1.05
2 4.188790204786391 1.075
2 4.188790204786391 1.1
2 4.886921905584122 1
2 4.886921905584122 1.025
2 4.886921905584122 1.05
2 4.886921905584122 1.075
2 4.886921905584122 1.1
2 5.585053606381854 1
2 5.585053606381854 1.025
2 5.585053606381854 1.05
2 5.585053606381854 1.075
2 5.585053606381854 1.1
2 6.283185307179586 1
2 6.283185307179586 1.025
2 6.283185307179586 1.05
2 6.283185307179586 1.075
2 6.283185307179586 1.1
2.333333333333334 0 1
2.333333333333334 0 1.025
2.333333333333334 0 1.05
2.333333333333334 0 1.075
2.333333333333334 0 1.1
2.333333333333334 0.6981317007977318 1
2.333333333333334 0.6981317007977318 1.025
2.333333333333334 0.6981317007977318 1.05
2.333333333333334 0.6981317007977318 1.075
2.333333333333334 0.6981317007977318 1.1
2.333333333333334 1.396263401595464 1
2.333333333333334 1.396263401595464 1.025
2.333333333333334 1.396263401595464 1.05
2.333333333333334 1.396263401595464 1.075
2.333333333333334 1.396263401595464 1.1
2.333333333333334 2.094395102393195 1
2.333333333333334 2.094395102393195 1.025
2.333333333333334 2.094395102393195 1.05
2.333333333333334 2.094395102393195 1.075
2.333333333333334 2.094395102393195 1.1
2.333333333333334 2.792526803190927 1
2.333333333333334 2.792526803190927 1.025
2.333333333333334 2.792526803190927 1.05
2.333333333333334 2.792526803190927 1.075
2.333333333333334 2.792526803190927 1.1
2.333333333333334 3.490658503988659 1
2.333333333333334 3.490658503988659 1.025
2.333333333333334 3.490658503988659 1.05
2.333333333333334 3.490658503988659 1.075
2.333333333333334 3.490658503988659 1.1
2.333333333333334 4.188790204786391 1
2.333333333333334 4.188790204786391 1.025
2.333333333333334 4.188790204786391 1.05
2.333333333333334 4.188790204786391 1.075
2.333333333333334 4.188790204786391 1.1
2.333333333333334 4.886921905584122 1
2.333333333333334 4.886921905584122 1.025
2.333333333333334 4.886921905584122 1.05
2.333333333333334 4.886921905584122 1.075
2.333333333333334 4.886921905584122 1.1
2.333333333333334 5.585053606381854 1
2.333333333333334 5.585053606381854 1.025
2.333333333333334 5.585053606381854 1.05
2.333333333333334 5.585053606381854 1.075
2.333333333333334 5.585053606381854 1.1
2.333333333333334 6.283185307179586 1
2.333333333333334 6.283185307179586 1.025
2.333333333333334 6.283185307179586 1.05
2.333333333333334 6.283185307179586 1.075
2.333333333333334 6.283185307179586 1.1
2.666666666666667 0 1
2.666666666666667 0 1.025
2.666666666666667 0 1.05
2.666666666666667 0 1.075
2.666666666666667 0 1.1
2.666666666666667 0.6981317007977318 1
2.666666666666667 0.6981317007977318 1.025
2.666666666666667 0.6981317007977318 1.05
2.666666666666667 0.6981317007977318 1.075
2.666666666666667 0.6981317007977318 1.1
2.666666666666667 1.396263401595464 1
2.666666666666667 1.396263401595464 1.025
2.666666666666667 1.396263401595464 1.05
2.666666666666667 1.396263401595464 1.075
2.666666666666667 1.396263401595464 1.1
2.666666666666667 2.094395102393195 1
2.666666666666667 2.094395102393195 1.025
2.666666666666667 2.094395102393195 1.05
2.666666666666667 2.094395102393195 1.075
2.666666666666667 2.094395102393195 1.1
2.666666666666667 2.792526803190927 1
2.666666666666667 2.792526803190927 1.025
2.666666666666667 2.792526803190927 1.05
2.666666666666667 2.792526803190927 1.075
2.666666666666667 2.792526803190927 1.1
2.666666666666667 3.490658503988659 1
2.666666666666667 3.490658503988659 1.025
2.666666666666667 3.490658503988659 1.05
2.666666666666667 3.490658503988659 1.075
2.666666666666667 3.490658503988659 1.1
2.666666666666667 4.188790204786391 1
2.666666666666667 4.188790204786391 1.025
2.666666666666667 4.188790204786391 1.05
2.666666666666667 4.188790204786391 1.075
2.666666666666667 4.188790204786391 1.1
2.666666666666667 4.886921905584122 1
2.666666666666667 4.886921905584122 1.025
2.666666666666667 4.886921905584122 1.05
2.666666666666667 4.886921905584122 1.075
2.666666666666667 4.886921905584122 1.1
2.666666666666667 5.585053606381854 1
2.666666666666667 5.585053606381854 1.025
2.666666666666667 5.585053606381854 1.05
2.666666666666667 5.585053606381854 1.075
2.666666666666667 5.585053606381854 1.1
2.666666666666667 6.283185307179586 1
2.666666666666667 6.283185307179586 1.025
2.666666666666667 6.283185307179586 1.05
2.666666666666667 6.283185307179586 1.075
2.666666666666667 6.283185307179586 1.1
3 0 1
3 0 1.025
3 0 1.05
3 0 1.075
3 0 1.1
3 0.6981317007977318 1
3 0.6981317007977318 1.025
3 0.6981317007977318 1.05
3 0.6981317007977318 1.075
3 0.6981317007977318 1.1
3 1.396263401595464 1
3 1.396263401595464 1.025
3 1.396263401595464 1.05
3 1.396263401595464 1.075
3 1.396263401595464 1.1
3 2.094395102393195 1
3 2.094395102393195 1.025
3 2.094395102393195 1.05
3 2.094395102393195 1.075
3 2.094395102393195 1.1
3 2.792526803190927 1
3 2.792526803190927 1.025
3 2.792526803190927 1.05
3 2.792526803190927 1.075
3 2.792526803190927 1.1
3 3.490658503988659 1
3 3.490658503988659 1.025
3 3.490658503988659 1.05
3 3.490658503988659 1.075
3 3.490658503988659 1.1
3 4.188790204786391 1
3 4.188790204786391 1.025
3 4.188790204786391 1.05
3 4.188790204786391 1.075
3 4.188790204786391 1.1
3 4.886921905584122 1
3 4.886921905584122 1.025
3 4.886921905584122 1.05
3 4.886921905584122 1.075
3 4.886921905584122 1.1
3 5.585053606381854 1
3 5.585053606381854 1.025
3 5.585053606381854 1.05
3 5.585053606381854 1.075
3 5.585053606381854 1.1
3 6.283185307179586 1
3 6.283185307179586 1.025
3 6.283185307179586 1.05
3 6.283185307179586 1.075
3 6.283185307179586 1.1
