-2 -2.5
-2 -1.9549725
-2 -1.5293945
-2 -1.1938545
-2 -0.9045920000000001
-2 -0.6159315000000001
-2 -0.3108145
-2 0
-2 0.3108145
-2 0.6159315000000001
-2 0.9045920000000001
-2 1.1938545
-2 1.5293945
-2 1.9549725
-2 2.5
-1.834932078800272 -0.1566499368422375
-1.832291298002614 0.160524487564556
-1.820239602044161 0.74040911375708
-1.816395715876161 0.5155541682785347
-1.816116288092904 -0.7439314497894169
-1.807486909355816 -0.514991765753533
-1.758974430485656 -0.9883447568468385
-1.758093670702785 0.001310988143022718
-1.756790014870329 0.9881862029287538
-1.745045449797166 -0.3161477539196686
-1.743297029665257 0.3247937076685877
-1.73031423020315 -1.286753059918868
-1.729738242731923 1.292987339578258
-1.72349081813707 2.223410806371633
-1.712197174326659 -2.212130819417854
-1.695762006951054 0.6310422100899895
-1.662810245070831 -0.8034422120355024
-1.660111773967249 -0.1505217807724802
-1.658346559047052 -1.606389141909107
-1.658115158206778 1.618172929186941
-1.657080184747446 -0.641524215095128
-1.653609790416679 0.1558894071237087
-1.645782655079979 0.7806844399768196
-1.639516517809549 0.4867995974173607
-1.628145994965203 -0.4647617779636905
-1.577212479973057 -0.001382190705521745
-1.570676301581445 -0.9067653893083842
-1.565460198622215 0.9159525447173683
-1.55337739406674 0.6340639477031976
-1.539540568449651 -0.29711033097332
-1.536664960576721 1.096778448758233
-1.535930626193287 -1.083184866035349
-1.514835501611049 -0.577367238768463
-1.5138050883575 0.3217625544269881
-1.510946247898026 -0.7466404811957449
-1.506584475463684 -0.1346966029222405
-1.497135427155508 0.5021106296293192
-1.49362522793921 0.1298016712023904
-1.488905930110025 -0.4419182563210978
-1.479472250658928 0.780710391602604
-1.477112278526804 1.976542074060035
-1.4549725 -2.5
-1.4549725 2.5
-1.450776752158169 -1.950434425673091
-1.433404636732024 -1.325639995293444
-1.430173528614543 1.340750093089556
-1.407125600867059 0.9408654803568081
-1.400854040454009 -0.6448582545542093
-1.398174546945961 -0.9040090956421835
-1.396864532282817 0.4491924522105988
-1.386845966994999 -0.01474796956709831
-1.378741778595512 -0.5199194908058874
-1.37315410981275 -0.3702480598681297
-1.371747102716885 -0.2078309855700649
-1.365157357044568 0.6169412361640758
-1.363797500467094 -0.7499905424298362
-1.351709444992792 -1.597229497960512
-1.343402310792041 0.3411288459178053
-1.332857498100915 0.1879065217923133
-1.332207744985794 1.114089809380185
-1.330010781968581 -1.09486918792088
-1.329811217468717 0.8023522144130539
-1.325960208349673 1.621766819231045
-1.263397331615404 -0.8076358543533186
-1.260559985573713 -0.4602752248629522
-1.260480923889723 0.458647299556271
-1.25076885306493 -1.750663393737381
-1.240844877801007 -0.6352639824749462
-1.239415163539552 1.249345198026545
-1.237674486818759 -1.226849355974924
-1.217834099751919 -0.9450593016732901
-1.216950991390559 -0.123769968811236
-1.20717028083214 -0.3115336224658742
-1.205790550073349 0.04472889948436987
-1.204765744694453 0.3141041965331868
-1.198326001185958 -1.397102515991492
-1.197594927814066 0.7308856761545431
-1.195921225020688 1.409009846665098
-1.195339471302694 0.9443514185580075
-1.194059300659682 0.5806513223011225
-1.180047892990441 1.125288911880637
-1.173414823645507 0.1798056743743722
-1.162156650976904 -1.093073086482997
-1.121729440494817 1.821171975914045
-1.117532182115674 -0.7992159929720818
-1.117379449473571 -0.4741394885281387
-1.116104655727499 2.155708943611176
-1.107815553415424 -2.158352899337275
-1.102391850305099 -1.604668643927035
-1.099131493899336 -1.852729809988916
-1.084255038513431 1.57714835855977
-1.072069820118061 0.6396573887658608
-1.067173344253573 -0.2063196746292045
-1.066871653416013 -1.230723270844774
-1.065705673294411 1.079177549272264
-1.063938101428405 -0.05118016108892611
-1.060115398676189 0.45382968269058
-1.055258862608216 0.2550130107995137
-1.054923772859036 0.09990336456842375
-1.053547199682493 1.253008179545632
-1.051620668591919 -1.100317139706862
-1.04748206821681 -0.3464980493164403
-1.041679706630242 1.424625973426094
-1.040963651854381 -0.9722402523533819
-1.0293945 -2.5
-1.0293945 2.5
-1.028926579371509 -0.6335350159598999
-1.021099587742761 0.803908681854233
-1.018725211148652 0.9665614628753136
-1.003979082341469 -1.409436303168156
-0.9439603058922561 -0.1358674304846259
-0.938696650676448 -1.109691829006708
-0.9358801975682857 1.373427808012276
-0.9319404229751622 0.1685921651089606
-0.9280400619122663 -0.4604199374294121
-0.9241568628683722 1.508765897740821
-0.9226236754866812 -1.539437844782695
-0.9211096303708932 -0.2782674881228143
-0.9206272468127368 -0.8075532753092486
-0.9100783072874394 1.682623956781701
-0.9083867108884598 0.3099866231653962
-0.9032581935194964 -1.701817283700974
-0.9024458609194618 0.9228463599121293
-0.8943215863067324 0.01087652098705992
-0.8911232060331565 0.6232322031649932
-0.8896214452170494 1.098836385265782
-0.884595073470995 0.4499087205916997
-0.8826022782759122 1.272704338381377
-0.8792559532624159 -0.9769259927595075
-0.8737568827963395 -1.270269055859374
-0.8573609539368122 -1.424437517195725
-0.8572645789248836 0.801840776027497
-0.8526844688258198 -0.6304335489192499
-0.831300482522349 1.920011728873765
-0.8310270743189134 -1.934503540775114
-0.7931010598720945 1.567489096506231
-0.7925864101170677 1.41089407778182
-0.7893414147871795 2.227081794734376
-0.7880141287119612 -2.228485444954395
-0.7862423281381312 -0.1637630346211552
-0.7751211105519393 0.5005735868832285
-0.7718569923747518 -0.7499497834524295
-0.7678940766361624 -0.3575720570215015
-0.7677843246267787 -0.5084056698613805
-0.7636901918759 0.3650919273298132
-0.7523369574717156 -0.8967762399174174
-0.7518116658444913 0.1711952970114104
-0.7461819430821395 1.249355595609689
-0.7449653669826563 -1.248007515091032
-0.7431274037053501 -1.107178742572917
-0.7427959661836451 -1.365718956588945
-0.7419558270781748 -1.548309761472729
-0.7330837564124546 -1.737827163362913
-0.7313945846003325 0.7384249601979602
-0.7306088912665716 -0.01054965530606769
-0.7301612838026639 0.9351075027232089
-0.7215531396648858 1.70095783126608
-0.716970080883429 0.5999123676108299
-0.7092391088698695 1.113389520711251
-0.6960977225535092 -0.630873368578195
-0.6938545000000002 -2.5
-0.6938545000000002 2.5
-0.6429023195951127 1.36680280242568
-0.6380480624552271 1.531158724212679
-0.636638751621191 -0.1102452654372951
-0.6341162493012038 0.3058655317590747
-0.6294683242733958 -0.7783016650341196
-0.624141744597865 0.4682273491808534
-0.6236705660461892 -1.422113065059881
-0.6179297196541436 -1.273554721846967
-0.61701002063043 -0.2628143460459362
-0.6102629812101535 0.8122142633898342
-0.6075842062953576 -1.839042293112637
-0.5936495366367192 -0.4731262883542499
-0.5920782681474363 -2.031889603069139
-0.5913550331417982 1.05981779569318
-0.5912461084232825 1.82355608146747
-0.5902464565650254 -1.669700057413389
-0.5836984744853661 2.031950327702883
-0.5794357260365246 0.03477317368594046
-0.5758086793397764 1.671902217244852
-0.5741231214492643 0.6587607145520373
-0.5736390359631867 0.1916144623599198
-0.5704478224413839 1.22273549196732
-0.5698697052670417 -1.529830752099328
-0.567782576374641 -1.132547042319483
-0.5667603177074037 -0.9626992109285035
-0.5585857527556346 -0.6493375522321436
-0.5362644674985292 0.9343737927200397
-0.4888066670655057 2.258253850021327
-0.4817593286101367 -0.1360091101955271
-0.481220387777986 1.579237788379429
-0.4808123794784581 -2.250192114534102
-0.4741572441499851 1.4142318589043
-0.4688504242260748 0.7973648494421399
-0.4686142190129331 -1.231680843489158
-0.4625380706619542 -1.906352672091897
-0.4564350197177033 0.3258019982794481
-0.4538529944377209 -0.4615962223172155
-0.4517251550397966 -1.406184276874075
-0.4494171445240631 0.1382052964759665
-0.4490140707674504 -1.596618391976156
-0.447924854900434 0.5278661217418833
-0.4469646139423167 -1.757739895079519
-0.4416829049551908 -0.5808682152184608
-0.4410441007736702 1.718212278052751
-0.4406805441108374 -0.3338248322018048
-0.4335650165449212 0.006485991189021214
-0.4319005284826122 -0.7792241019324103
-0.4300179331080115 -1.093013926988593
-0.4166061263832724 1.088127200643111
-0.4148251493992688 0.6723995004249094
-0.4128576623308638 1.261236609315195
-0.4111696477407147 -0.953409600940286
-0.4064721246793058 2.070980393765698
-0.4045920000000001 -2.5
-0.4045920000000001 2.5
-0.402298989331003 1.897399145932996
-0.3942718030773136 0.9176144475323692
-0.3911956621298403 -2.036710027018384
-0.335565850408877 -0.2102431559386419
-0.3340997773207985 -1.530557647012732
-0.3313824416526986 0.2059288708463279
-0.3304865436064761 -0.4722269344385109
-0.3295713673549486 -0.0712844920485142
-0.3248773015362296 0.07119529021820335
-0.316785539160686 0.4510639383989771
-0.3114079636882929 -0.8942712058195855
-0.3066022015496323 1.757779057915391
-0.3059054015508224 2.1661891627339
-0.3046796913943594 -1.670924533989913
-0.301186299909218 0.5972719619344492
-0.2977792643607301 1.211855644237572
-0.2961661340102236 -0.6337999569952105
-0.2947498204292491 1.576606207973922
-0.2918507803594256 -1.035391749650163
-0.2866407411889829 1.35628550018085
-0.2821244792256629 -1.240291261707451
-0.2767437819045137 -1.869493934280684
-0.2765322259598907 0.7865119648137326
-0.2753695322732663 -0.332492914063706
-0.2751300118355989 -1.421961671854652
-0.2735090576176817 0.3242130280715748
-0.2700432875738859 0.9787809281540012
-0.266563460067655 -2.139930817510791
-0.258957024303085 -2.011896148422288
-0.2538754583006713 1.112221569841737
-0.2493555337028739 -0.1510827109595241
-0.2477316797409876 0.1475801187089156
-0.2471255068705413 -0.0006286781192742508
-0.2468945147477973 2.318682855686324
-0.245585428267651 2.019802756973448
-0.2439078688917127 1.869124723432887
-0.2405282627135692 -0.7826459603566149
-0.2335693274831509 -0.2355600348238442
-0.2335361939746765 -2.315535586111314
-0.2310376493886124 0.2303214190553937
-0.2275107553871685 -0.0759632915881357
-0.2271111205812364 0.07403077598980792
-0.2146923109916826 0.5162789676156494
-0.2131382479501071 -0.5348578390800701
-0.2089827455641559 -0.4296844615129312
-0.2060266317517075 0.419548688437657
-0.1916664935358171 -1.54999731840022
-0.1892454768102958 -0.293833955146441
-0.1882106996222851 -0.3546475015966007
-0.185321405292743 0.2892996588672594
-0.1841068659345867 0.3496836348084261
-0.1833722060578188 -0.9320507905939095
-0.1830655487186309 0.1227008936940855
-0.1829659966025709 0.02717283616541433
-0.1828106225013481 -0.02853878401160555
-0.1820467671983683 -0.1862976641006904
-0.1816318855851329 -0.1263944328192452
-0.1810248199779051 0.1797977981412721
-0.1676635203357786 0.07505997495307019
-0.1667829069989057 -0.07709083244764828
-0.1661922393113312 -0.2403276439148959
-0.1597343666894543 0.2335479506884305
-0.1544568346565851 2.171782062905106
-0.1506546128482819 1.74839140174251
-0.1497525283902944 1.056471432385147
-0.1422197658308388 -1.088336035480248
-0.1385218604548162 -1.712234880822812
-0.1377446045903386 0.6288605955457836
-0.1364905099884217 -0.3280764907343021
-0.1349727281126896 0.04501448845446388
-0.1344446608052718 -0.04610546328284047
-0.1343906855644149 -0.2783014504919991
-0.1339972937351543 0.1480242887357688
-0.1337764172690806 0.104572267658209
-0.1325407722837477 0.07466780111592199
-0.1319822177470167 -0.3935670819465995
-0.1315483030364291 -0.0003954795626071837
-0.1313167841592632 -0.07618718342435536
-0.1312110483343478 -0.1071412236896926
-0.1312004826178807 0.3260976956649073
-0.1305682448237877 -0.2070495407793114
-0.1294330781905827 -1.398398110514101
-0.1284040252142396 0.9186134481682029
-0.1266592389162449 -0.1578129950801307
-0.1256379534259593 0.2743009871251886
-0.1243812088638977 1.22239783489616
-0.124093677797366 0.3937891045124307
-0.1233911112326988 0.1920129177937203
-0.1232408099102088 -0.2426591256073814
-0.1217232196129535 0.4858901922868115
-0.1193894891012482 -2.186080747360641
-0.118738338928009 -0.6537881757746062
-0.1180614805195551 1.441477835160223
-0.1159315 -2.5
-0.1159315 2.5
-0.1140973679425168 -2.015630709359147
-0.1139878778363395 -0.4912708909182051
-0.1117505708302173 1.919280111977297
-0.1052722348500042 -0.8199827593214689
-0.1040745869546689 1.597819564267935
-0.1027916213190846 0.2318004296719922
-0.1026802492872643 -1.853785145892538
-0.09794549717984098 0.07272543369243331
-0.09777978355373869 -0.2635001680863748
-0.09662630577198109 0.02973615494539642
-0.09647534869444634 -0.0737651971419122
-0.09623371558154463 -0.03035047919607303
-0.09598593350606485 0.7783715656035442
-0.0953224073507415 -0.190932661323801
-0.09498406480689839 2.051922210917097
-0.09378371617257944 0.1619872804490957
-0.09167125209409431 -0.3006071234923672
-0.0910130216912281 -0.0004174130129502558
-0.08682341899958641 -0.2278287628498489
-0.08673045523590331 0.1219672509114643
-0.0864754042910568 0.4340339378055338
-0.08427668081118564 0.3014396054910552
-0.08378744110920373 -0.3516206059328218
-0.08208107304105076 0.2635154235535197
-0.08179476614389315 -0.1238850696759713
-0.0812560958438863 -0.1632985780107587
-0.07936180321704821 0.3494428734575376
-0.07450829910958705 -1.24348710110636
-0.06632111423902978 0.01333139425501277
-0.06626223174350769 -0.01424021550622599
-0.06501057951752949 0.1910901829787826
-0.06070042061740254 -0.4118312637293243
-0.05935295381340363 0.1519252062624235
-0.05844430248168532 0.04479022674396978
-0.05787840442957527 -0.04558543791014901
-0.05769854159555869 -0.2658708834786527
-0.05374241839912608 0.3991408230937678
-0.0533946130338283 0.2354418579775441
-0.0529909686276313 0.694083917950006
-0.0524086535195096 -0.2312843543223453
-0.05086629856349992 -0.1530886959355794
-0.04896207553311791 -0.1947099093390168
-0.04791305709678243 0.08669581941605992
-0.04616401322484768 -0.08753549443828061
-0.04483836907220817 -0.02196275294997695
-0.04470303849858788 0.4620249758050172
-0.04463719017060261 0.02058194500508185
-0.04305143719687863 0.1242071756048249
-0.04290789000082011 -0.0009551194346446491
-0.04262863222725466 0.3203898591746809
-0.0413937589885268 -0.3166879791543879
-0.04120313917223368 -0.3626416672464073
-0.04067018583813109 0.2760614478387404
-0.03934318972461746 -0.1247796587724783
-0.03822138505394639 0.3575283051098191
-0.03715568548276008 0.5420669909465047
-0.03625641660012548 -0.4727449229807786
-0.03060117335304766 0.03328140240387865
-0.03028100570155635 -0.03432602946991661
-0.02807210747248362 -0.5500906973539878
-0.02766543735743421 -0.01540166773789293
-0.02735364102692506 0.05633095590013077
-0.02652712827076152 2.309558613387906
-0.0263587603214073 -0.05726008995887875
-0.02634172019323279 -0.001983795146347823
-0.02572108135451733 0.01264301762690516
-0.02129152533446155 -0.9591185242992488
-0.01826307609400021 -0.2378622600780067
-0.0180250734939688 -0.007676476038917751
-0.01789000582005235 -0.2788258147159746
-0.01744432505359791 0.001435179072730093
-0.01607516903187 0.02502729322214737
-0.01604861751587505 0.2441187149348044
-0.01594653665825909 -0.02541063809581228
-0.0158404683828763 -0.0156722698123122
-0.01462842857681401 -0.3876529984140426
-0.01445387841534163 0.01552785840009094
-0.01382352192743924 0.008310120896633043
-0.01357190384789913 0.2076677282486716
-0.01313120953177088 0.03958181052063613
-0.01293622125862673 0.1080939933005832
-0.01204140941417587 0.07752910256029055
-0.0119576151025283 0.1540485544477435
-0.01104495188131868 -0.1090283367059043
-0.01092547666979953 -0.07871200168657289
-0.01073371351312539 -2.316780838737882
-0.01064223213281718 -0.004178795735785228
-0.01046820158323185 -0.04003555887922494
-0.009751717678487884 -0.01113052213332802
-0.009668230610709325 0.002232748728825068
-0.008071640745162907 0.01236930600300084
-0.007705859029115472 0.01954669926740465
-0.007690001751871375 -0.01858184116625392
-0.007502831523479137 2.151655505029369
-0.007486483922862611 0.00703402866344701
-0.006517352130198378 0.3390002883532391
-0.006281517087140283 -0.1545040206295822
-0.005724484200557635 0.3781164253809986
-0.005395415450233647 0.3017835855766442
-0.004838565728186853 0.02843936963903897
-0.004544216451006313 -0.001874607086170158
-0.004305045046236372 1.68922400209298
-0.004069851918986395 -0.007479933561292389
-0.003925160153448899 0.05535266708387474
-0.003913454895629408 -0.3490646018338929
-0.003884165026981702 -0.02706051221503029
-0.003684150595561687 0.003443867780559282
-0.003308423832045297 -0.05741480519899563
-0.002980717053620829 0.01513330603548432
-0.00274922594725533 -0.4293070370472834
-0.002674797277300863 -0.2000549562396663
-0.002276554364563733 -0.01308123147958711
-0.002007457842949506 0.009323438328835499
-0.0003994030445362589 0.2684750941525462
-0.0003771305447116606 -1.118699396230529
-0.0001495156088302653 0.02063864124531495
0 0
1.92063181312935e-05 0.4246915735059341
0.001005101712128611 -0.004733459756075591
0.001785715215060878 -0.01880090447842146
0.001804217306967384 0.004468262932084036
0.002010867079427202 -0.009470044952095325
0.002962191549586662 -0.04445693124970338
0.00296587483334022 0.01428879158657218
0.003088532452256476 0.03876996320011005
0.003284454421153665 -0.03409256437765385
0.00340463211623047 1.042672351184725
0.00362477353845219 0.008976990286324644
0.004324865928937574 -0.01271459199855247
0.00472639839839538 0.02710954919270325
0.004796533997676337 -0.3078584199987421
0.006051704386582812 -0.02501256119575035
0.006481449492671714 0.01178459822850198
0.00663700952778752 -0.01595653772649469
0.006883477048367749 0.6377541541954587
0.006980978972712488 0.01950177636455155
0.008945026308566546 0.09004865891875512
0.00930700213786047 0.01456161745462541
0.009754002295446096 -0.01880431288614605
0.01012597015637372 -0.09182540621368399
0.01032507571535575 0.06901507879509339
0.01048250673291807 -1.905933797958739
0.01099128554717978 0.03167214902280066
0.01212917800948847 -0.07029480849350801
0.01216095045014124 0.02367150438775831
0.0124796107534668 -0.03935479288664668
0.01287099506310467 -0.0216520880457974
0.01287115174841223 0.01682486839678073
0.01302551581278835 -0.02923359634123566
0.01304982812351016 0.03881154222300445
0.01314809363468713 -0.05228776746477087
0.01358375280382355 1.831274352720954
0.0141378040034485 0.05018143866752791
0.01629600653837285 0.02808904451835497
0.01643530135896398 0.01908811933893605
0.01654192849500295 0.03359340815123178
0.01663552177448211 -0.02426566361471638
0.01688172048418973 0.867457624999859
0.01688870507291883 0.02343827341251726
0.01879600483256514 -1.561345183246476
0.019873771412125 -1.369605550103257
0.02007381592681295 0.02533806470723556
0.02017040050166433 0.7441684877814602
0.02020824741983954 -0.03318192040294474
0.02039090421814124 0.02091342355015147
0.02040004848585955 -0.02687923918363537
0.02068306019172671 0.03922460680300682
0.02113549717515085 -1.769243320421205
0.02117225047885384 0.03053482150377321
0.02196120148679314 -0.2649474495064946
0.0222117160588594 -0.2254929846356026
0.02264544023500402 -0.6436973592328791
0.0229438951437561 -0.04304950795210692
0.02317538209354468 0.4828724779022761
0.02340966398051188 -0.7807104117160275
0.02412791272552917 -0.02898692612192666
0.02445924296818105 0.06159505810992573
0.02447782912558541 0.1139520694437272
0.02475765681201127 0.02292845189922711
0.02494669737196268 -0.1164208230197143
0.02517465137789743 0.3561574716103693
0.02522800165646786 -0.4862902086162436
0.02836587622079209 0.03411924355379866
0.02894075464484095 0.3210823984641529
0.0290542077666011 -0.03177219056416308
0.02910283537012872 -2.146134737869149
0.0292960518910079 0.2834889797988346
0.02936799514009337 0.2381759925862234
0.03023554325875827 0.04795796024336164
0.03046332249187052 0.07986986817203538
0.03101651452050252 -0.05875536172814573
0.03112600356746685 0.1863116569468731
0.03245694725594427 -0.08445785943472865
0.03259429170884993 -0.04360539317036607
0.03412999205812963 0.02624428936554247
0.03426470457674464 -0.3857340420872423
0.03532124000802422 -0.3333208980045326
0.03637545846702183 0.1480304476355952
0.03708537973644654 -0.297920383151179
0.0371085992379994 0.06178443463768178
0.03775536600497596 -0.4354038643279289
0.03793847199220812 -0.1882481949633284
0.03846951007191905 -0.1490246899823864
0.03872645646360357 -0.03640156662901722
0.03894814849422713 0.03777925135103668
0.04043951660146199 0.3919426976199295
0.04166513104065749 0.4354347962272115
0.04204197969507544 -0.04796324072533745
0.04445918028139672 0.02912376644564415
0.04471201307104 1.351041387325956
0.0448731200116741 -0.07040461795320512
0.04707034053710941 0.05069587824586414
0.0481542584524922 -0.05838088795174786
0.04890975452388727 -0.1010260037438595
0.04908552513151325 0.03844883460923318
0.04930074627786285 0.5548451106976
0.0493065557651983 2.009940648909954
0.04934460732646955 -0.04080907011583807
0.05076312806257365 0.06939814933372858
0.05227190527277062 -0.04957456104008258
0.0536059191859527 0.09258249245648074
0.05392145375584014 -0.5589471226186109
0.05453567178318315 -0.08266483935401636
0.05568137252234748 0.03162048750336444
0.05617659668508194 1.541432638856914
0.05793432627708361 0.2670623969537476
0.0582347144099054 -0.2738023298920734
0.05827103409721468 -0.06780952771519441
0.05905099876572616 -2.00856230768584
0.05922031085217511 0.04275867111590161
0.06061920867648102 -0.05549020675697611
0.0608582559563465 -0.04502090576564626
0.06107735957726198 -0.1244042758879275
0.06218470402750517 0.1230110343864849
0.06313579561396145 0.05662484156225184
0.06420711135265128 0.3011945687624008
0.06456386549470736 1.197736822749622
0.06593752527908142 -0.4178457271551116
0.06641994781849693 0.3469448166154652
0.06706755517305472 -0.2318717451885982
0.06775148054373049 0.03376901180283328
0.06838823367887478 -0.3074239544902763
0.06986307121531522 0.07387215773685023
0.06998819578813664 0.2075098631602795
0.07032589373942592 -0.07687586103303898
0.07079546353095952 -0.06306420830209948
0.07145529446254381 -0.09647986999899666
0.07156267915062901 -0.4566903602473778
0.07224304869842313 0.04536534417538611
0.07267909355153489 0.458973324471168
0.07323166300905795 -0.04905403833756048
0.07333350480054005 -0.1945621284874664
0.07347262229963777 0.241753457266976
0.07362643354512546 -0.3470807387149362
0.07372909814181768 0.1629150868982802
0.07401502160501182 -0.1612056467085179
0.07490848348750787 0.4190026358590552
0.07872302621557299 0.0578427156617126
0.08063725386181872 0.03559225244234598
0.08074358931734096 0.5034259751594156
0.08080260626384059 -0.06940095204856962
0.08112710760623852 -0.05991861280432132
0.08135341984397886 0.09566737725500385
0.08196861494885707 0.3839497507679668
0.0830729514964782 -0.5055959559509715
0.08346149219292291 0.6905953583444592
0.08376065290040947 0.04577456585566754
0.08420246667497505 -0.1132300814412556
0.08516066988320024 -1.237707662708934
0.08563726222440661 -0.3871153669278243
0.08607092389428243 -0.0813975871673164
0.08643940955853777 -0.05291949154686372
0.08709939961491145 -0.1332112760412572
0.08989124685048038 0.07185278822875273
0.09279765766527451 0.05388654179421729
0.0941790918634296 -0.2735126554437362
0.09431557396921897 0.03710547961236987
0.09440429116233082 0.271540610551259
0.09446352857155538 -0.09715145117849251
0.09457024569427637 -0.06608937231659365
0.09573020000249925 -0.7027193689621022
0.1004635086744989 -0.0566242529442292
0.1012780004643218 0.1255913167310029
0.101722710659847 -0.4259484293912929
0.101909391185037 0.1904573255307797
0.1028380863180233 -0.08129920264171116
0.1037274498938939 0.04811627075981526
0.1037281036166515 0.4393243080879892
0.1044013795779938 0.6180105829216406
0.1060756077864959 0.06283998155910806
0.1063541066478897 -0.1173687545398564
0.1067678437236131 0.3135128949456204
0.107230573872993 -0.314193451850067
0.1078774285043333 -0.0583983556861212
0.108752535881964 -0.1479363953065963
0.1087699405729724 0.03831869810464868
0.1093265691058018 0.08835317210053022
0.1099670797551275 -0.0689142489383409
0.1108240314764482 -0.6206067058821817
0.1112287236969575 -0.192274170711783
0.1118370719998405 0.2290130338835802
0.1121149704804199 0.4054474501927037
0.1121738905579732 -0.9056376745825846
0.1122120793075335 0.1604742149804537
0.1122371795483941 -0.5513992103670421
0.1130225429411372 -0.09501693309604316
0.1140312366263913 -0.3553993037682739
0.1141317446547693 -0.2394343348962526
0.1145057483346466 0.5072534881020454
0.1148325267179549 0.4740152701806443
0.1152913483341677 -0.06017245842801321
0.1159651462615107 0.04921939623710402
0.1161525706744452 0.5442923632464057
0.1163744445304468 0.03877814145856059
0.1175568336923434 -0.07924466487514975
0.1179105386094319 0.3613270805373945
0.118500376922003 -0.4704750319134551
0.1209935658875801 -0.06826977632787602
0.121560109766443 -0.5120603918726546
0.1231027442038058 -0.06186931849963143
0.1239886514464831 0.03923817103872068
0.1241912510873752 0.06695576133366703
0.125738122817433 -0.3932593645779289
0.1270184390939131 -0.1281490103685002
0.1272038644196749 0.1097030727077723
0.1273890090805133 -0.1066669957704528
0.1281540672706899 -0.08795613251571043
0.1285151650639166 0.05069408098090834
0.1294100515989109 -0.07377380736920287
0.1309141400734439 -0.06356617857124966
0.1319808878789545 0.03955300864931888
0.1341613799958914 0.08747168446423158
0.1359019343723517 0.06003648117302576
0.1391199155951152 -0.06518607601267383
0.1391729566741145 0.04990939097126983
0.1392918826235321 0.07150680637343865
0.1393092213865866 -0.07815895267876293
0.1399634111934019 0.03986746363173836
0.1407401048713223 0.7748453390508596
0.1407880899318449 0.1885551966810766
0.1414074622872428 0.1401182129169015
0.1414708656444828 -0.09426496015077793
0.1423347386119556 0.6814344052806943
0.1424426911837373 0.4383602819295805
0.1429190424061858 -1.068140950296089
0.1437014321158659 -0.1516952475078239
0.143723977397822 -0.4302564720260724
0.1465679493735584 -0.2756157570039194
0.1467209083956419 0.5036775712360082
0.1473256911167865 -0.066805973454098
0.1473993280773679 0.2749806105854762
0.1474078736925499 -0.116486263312999
0.148215675400493 0.4711306147718363
0.1483258147853322 0.0400378332254554
0.1485124428890136 -0.3279693856985292
0.1486823437300938 0.06190187294752735
0.1487782289419382 -0.3647728323107609
0.1491433846398412 -0.4971832660919052
0.1498199804578949 0.3257785936725141
0.1501395570980749 -0.08054602128463699
0.1502324879431219 1.886566878873201
0.1503349373759829 0.04786283653427985
0.1503933561508707 0.394646248272724
0.1504449247428341 -0.2240797796519675
0.1509651321147922 0.1070232516433668
0.1522952480247921 -0.5336675291185548
0.153497263355705 0.2289378447296449
0.1539131904486903 0.0817284761860408
0.1544342731066439 1.721465025032043
0.1544873234763847 -0.578983788647179
0.154784763130998 -1.705545035442169
0.1559235415604099 -0.06834864046380104
0.1559252349184157 -0.186208030899484
0.1562098587652055 -0.0948956590423842
0.1566823055599768 0.931567284157483
0.1566882183772625 0.04020820281917244
0.1568075639119626 -0.6839519955394086
0.1572161504584091 0.5812249884214362
0.158563576436235 0.3603123045015378
0.1597192029449084 0.5403241745396602
0.1598368810042347 0.04663416108832658
0.1599481464039236 0.05518969212425832
0.1606193164516347 -0.08034069688056733
0.1625232025221695 -0.4661153615796169
0.1626374225175253 2.206184715136383
0.1630464320987569 0.06732951618167661
0.1645213920040333 -0.06989130747350408
0.1647820806959307 -0.3952055506743155
0.1654233294683641 0.04023443218925614
0.1672706178050851 -0.1307265794241309
0.1679595632660028 0.04843572925256723
0.1685028265869566 -0.1074804902384704
0.1690979844624414 -0.07834568773391444
0.1691024119989891 -0.08938035746178721
0.1701061645570196 0.07924866158082519
0.1704977861567287 0.05776356100486187
0.1709805721870539 0.6327491646581587
0.1719519681182023 0.09691658475552892
0.1735093723683519 -0.07135609196838107
0.1741584405594657 0.04026066155933985
0.175418025671207 0.125233359773687
0.1761368554474872 0.06792976080775194
0.1762910647163493 -2.25594799342143
0.1766491208128025 -0.7832549986622134
0.1772155674910876 0.04924824179261856
0.1780820883500155 -0.0802643039807497
0.1785806415769232 1.426220545751538
0.1797398772505815 0.05800869781191144
0.179908651810979 0.1641387434398222
0.1808242037223145 -1.88673194176079
0.1814044975782205 0.3065146645249356
0.1823015800624288 -2.080005683804675
0.1823126461739978 -0.09397339108269616
0.1824973527326705 -0.07282087646325805
0.1825285134007801 -0.6268480035192962
0.1832642304643783 0.0401424462752167
0.1833597148089332 0.2062845058996688
0.1840663944554347 0.420431704238724
0.1840809797893722 0.5155125463472103
0.1853636117529674 -0.3061024580531648
0.1853876666074489 0.4705312382717932
0.1857595837416289 -0.2759032848785616
0.1861135825318302 0.2457047990583264
0.1865293515786718 0.08086034359385216
0.1866635301938908 -0.2458033363488686
0.1868678891177911 1.094614408142888
0.1873196381895019 0.0642656958648215
0.1875183134343161 -0.2047715362411727
0.1875905054777996 0.05103688308182433
0.1878407641610495 -0.5547127465626669
0.1878899131314524 -0.1584395601226555
0.188124292435794 -0.5881681715670438
0.1886790409936801 0.3801867642534918
0.188983388867173 -0.1183473245584221
0.1891855 -2.5
0.1891855 2.5
0.1891926045034601 0.3409194349185065
0.189679599624023 -0.5045730342937173
0.1903464907212907 -0.3557937387659928
0.1907080753788998 -0.4677823921847093
0.1918734985008427 -0.07420687713166251
0.1922704170991459 -0.4310216221632097
0.192370020369291 0.04002423099109354
0.1939068567045162 0.279307332118118
0.1939723881427416 0.5971056328509976
0.1950511372236652 -0.3932596285015997
0.1952449942545045 0.1045523972856032
0.1966495840823234 0.04785860774283433
0.1968856965493384 0.05771637578995719
0.1973289423561451 0.06977093339762192
0.197392905615029 0.5552903969521754
0.1977019057392791 -0.09356689478168277
0.1977461603245991 -1.401278581743038
0.1994347745987185 0.6894789390331355
0.2012496442690149 -0.07559287780006696
0.2015479527183865 0.03976926007315153
0.2052787994243509 0.05020452818790977
0.2073708892756978 0.06339757401359512
0.2084714284840071 0.081878106060016
0.2090348102362684 -0.1332616747870908
0.2100630767274792 -0.07677214043955741
0.210565960688259 -1.581127145359196
0.210779823826283 -0.1097270281637277
0.2113187754416553 0.03949781814657796
0.2116710914448761 -0.0890110999013308
0.2131050858413903 0.136078115849139
0.2131908971317029 1.273106734648754
0.2142905810403924 -0.6898171851187976
0.2146092653483601 0.2248364706417393
0.2168087444912538 0.4384510460800684
0.2173526248445091 0.05308856521297577
0.2184703365108741 -0.3208246150149667
0.2185915285298991 0.1038371089672115
0.2193725325672819 -0.1868237309696819
0.2195395898509967 0.0680329232817689
0.2195973339738845 -0.4692954588051148
0.2207736167524822 -0.07820524153379946
0.2210260668171313 -0.5395285017895196
0.2223768184612827 0.402950677158993
0.2237406965366492 0.5861804586721354
0.223872702502275 0.6283292874726768
0.2241009230964838 0.2599942001245812
0.22453214490555 -0.2774892697163754
0.2245385323424386 -0.2251950198439451
0.224617044366155 0.1862443746373238
0.2251219010236636 -0.5866111232138596
0.2253443935888351 0.3615224155983198
0.227089472268941 -1.220148272024793
0.2282865621428176 -0.1239616127156164
0.2283299850117886 0.3097850698008625
0.2290844614107148 2.013940225922977
0.2292575281829959 0.5123116612148527
0.2296836991743672 -0.09940155282163797
0.2302424992151006 -0.6379147185477867
0.2302986083863947 -0.3921650782997492
0.2304858069963826 0.05909446553118983
0.2306504463579036 0.4673638816639288
0.2309997671147368 0.03868019196267225
0.2315117214245275 -0.15396009345763
0.2322741162670801 -0.3506978390881199
0.2349096906255437 -0.435797857859023
0.2350935993290206 0.5568424641679766
0.2360413724892367 0.08145992937706015
0.2373648986711358 -0.5055979624409863
0.2402553879378455 -0.9361050535151768
0.241063274832298 -0.08065583286468483
0.2413787333792751 1.560059407438722
0.242498437778473 0.1148144179120712
0.2441343534790865 -0.1145253214000866
0.2470178032157962 -0.1325688510137838
0.2472145447864819 0.8409494508264928
0.2482731553544055 0.05488711253993002
0.2504475125829266 0.7439811745615952
0.2513639613678263 0.227703319768864
0.2514067204165207 0.03757029115374754
0.2516492940942919 -0.09906856165333021
0.2559228653960819 0.09529181488301869
0.2560758604200941 0.1501461516908771
0.2563824405764607 0.6716434590672067
0.2566524105260058 0.3866828674584515
0.2579997883967832 -0.321167450144923
0.2589287325246724 0.6305044272810026
0.2611039644163364 0.4800927912969423
0.2621106965010605 -0.08294263140994798
0.2625924444018661 -0.5825190377526194
0.2631832566076241 0.4340023367382732
0.2634105227804831 0.5443790133239174
0.2640115592686456 -0.1918449864329475
0.2640470089862429 -0.3634398269817302
0.264053277076215 0.5913374092435995
0.2641703637076763 -0.1189655411109081
0.2644862532829766 -0.5453615077334003
0.2646346457370659 -0.6166989310451403
0.2653995709806699 -0.2451299997253051
0.2657834935096579 0.2702766600079726
0.2660437454996298 -0.1482828288399938
0.2663314346833238 -0.3904696594798644
0.2665906282351566 -0.6682058174644104
0.2667129725276746 0.3488674939594244
0.2670333165785538 -0.4188453709217793
0.2681376673566072 -0.4684542522729165
0.2683571359455477 -0.5073976418944375
0.2689248094842751 0.07402504192434735
0.2696794708236215 -0.09892770511854074
0.2707724101756596 -0.7360186116693379
0.2710048495922667 -0.2841910562978858
0.2725314828569116 0.03616750167333166
0.2728393039709912 0.191214144564362
0.2777223557849368 0.5122719078211141
0.2780170252805259 0.1132630093073549
0.2795957202231085 0.3098834327123383
0.2839054857448531 -0.08506388955241875
0.2849789184592326 -0.1308774608531088
0.2858038974101465 -0.1072083959566396
0.2900305804722836 0.05693277965851003
0.2912629013209871 0.6371265892083626
0.2925405664880541 -0.3449087663060673
0.2943635128902668 0.03447190770335775
0.2983856996715104 -0.5837719655917936
0.2990121360344833 -0.3101677127440949
0.3003807151482056 -0.4332567742079193
0.3011575086033154 0.08316081615249819
0.3013607302370185 -0.1918402657044551
0.3014754841427701 0.4769309556689407
0.3018309635018312 -0.2236806682720168
0.3020820906993497 -0.5107154391259273
0.3026107348494435 -0.547170742927709
0.3026121953664935 0.1936423410197492
0.3027180615049725 -0.3872777716172375
0.3028592292589294 0.2309603397789002
0.3030841484530263 -0.8285488608534449
0.3039487199057844 -0.1580219627702137
0.3045436844090267 0.3867479686511915
0.3046600984126927 -0.1207790107874319
0.3047719158268112 -0.6362611811153508
0.3049447833871146 1.847438550740672
0.3058581787696282 0.1565147978202056
0.305874705182389 0.3378920225789966
0.3064342520283223 -0.08701827014324388
0.3065270003419572 0.550949756727971
0.307529492081823 0.5998569355642556
0.3077700791119585 0.2812973246873441
0.3082958602211787 -0.2686705292265127
0.3086222562042273 0.5126758558813699
0.3097935994707388 0.6951474221966542
0.3103056297420463 0.3101819444798322
0.3104835943415478 -2.011338805994334
0.3119385938098316 0.4346742895701118
0.3143089878263423 0.05680383250069775
0.3145238555704426 0.1138280620377158
0.3146567424238306 1.690040559845077
0.3168893912200917 0.03248451765133031
0.316944104226745 -0.6899337861097253
0.317173755600998 -0.4661302264418205
0.321898587259871 -0.1088299743744016
0.3246282276025623 -0.1310734262188062
0.3296801115054132 -0.0888049626079544
0.3298814253768024 0.1941531721667739
0.3323516761962185 -0.3412802579438216
0.3324684295875575 -0.3016577091208415
0.3334302537265408 -2.160019095668424
0.3355026826343436 0.3532080814158999
0.336809689974762 -0.2394770682118619
0.3372947203612148 -0.1970141703334789
0.3376195757986775 0.5855297887010303
0.3379750775697317 -1.41343530621456
0.3392262220657576 -2.335090762431637
0.3395735777890598 -1.526285973997449
0.3400923497491113 0.03020746510632734
0.3403632566420325 0.04858592473089449
0.3405059067826215 0.9616958410898817
0.3406791413449108 1.408155071716492
0.3413821081458655 0.6341826620975536
0.3422914921217096 1.156472431717154
0.3425983916865314 -0.6076007390814817
0.3430392678979601 -1.718287564488392
0.3430978423189725 0.08486279267233958
0.34309977365234 0.7881820857402031
0.34326019601021 -0.6510341973485544
0.3439071980277452 0.4594592131085095
0.3440497715210532 -0.1152429259769797
0.3442397476545915 0.3111729673394979
0.344585948523625 0.2609000315965874
0.3445878232515067 0.5101782569170729
0.3446434617911283 -0.5485175937576787
0.345633100296801 0.1302200015586325
0.3457137747023376 -0.4938331954150059
0.3459087438198379 -0.4258560699592989
0.3468063590027813 0.4169636560356075
0.3470585175517374 0.2238503842041641
0.3472651355963191 0.1647757696235437
0.3473059241764541 -0.4613069887875335
0.3474276791895704 2.31239933413595
0.3481242620913365 0.5543302778405579
0.3484642496498881 -0.1504101890969379
0.3487494619010535 -0.3797211820566462
0.3498515891327111 -1.298220588489107
0.3500829680545182 1.277640548154011
0.3501040659972844 0.3813699837865215
0.3504928679650834 -0.7514559727778104
0.353244530720978 -0.2728227930035115
0.3536222061589448 -0.09042377589501068
0.3547306970795668 2.130267578069212
0.3572566804844247 -1.095826714747974
0.3610944288615153 -1.894571986915602
0.361650724394445 -0.9301890175922583
0.3639518141645417 0.02764418387598461
0.3639742755725382 1.983999043486302
0.3641430944907352 0.05703205174763598
0.3647952648550813 -0.1269246762352515
0.3651488608225763 -0.1078661450763563
0.3681251983816634 -0.3112682291571598
0.3690556952810741 0.1933528178590034
0.3723561234588388 -0.6885757550491894
0.3724731232663334 0.6948336923700637
0.3731032988247363 0.3511416968133127
0.375071504751447 0.5412789378622661
0.377116271706576 0.1112289464615578
0.3771648024222116 0.4782637668422161
0.3782352379944671 -0.09187520660457335
0.3789636711653236 0.2791686003179986
0.3791622719398751 -0.3514964015020596
0.3794749025765273 -0.4628916132638141
0.3808680444809872 -0.6364885617209202
0.3809022737247177 0.587218880386195
0.3819023806686521 -0.1782976387680182
0.3823461348812803 0.4413240561827824
0.3823859962417422 -0.1426748916546314
0.383839261282559 -0.3927050292994129
0.3840940738154774 -0.5892833274035446
0.3847554784544393 -0.5083073686312319
0.3849165542121353 -0.1152405805618968
0.38497811208606 0.1506442329934777
0.384989739696069 -0.2334848251891402
0.3852100246266646 0.04655698585401122
0.387054082987942 0.2357410281019815
0.3876205380017788 -0.4266689872184354
0.3880337946883828 0.6406779764124846
0.3884429570390258 0.02479955596662536
0.3885234446670321 0.07713120173768558
0.3886908091701982 0.3954167334084984
0.3889090049620992 -0.2806848916108281
0.3926970894269971 0.5103120552910874
0.3943646102351517 0.3138150447474922
0.3978577113090551 -0.5484331780223364
0.4005508180660228 -0.1288927127990493
0.4019565440844369 -0.1129389824795445
0.4022604406306927 1.576858908189337
0.4033241456508799 0.03747535249750803
0.4034890160563862 -0.09316048098099651
0.4050578712727463 0.05521892516460268
0.4082485900044381 0.5466060311325841
0.4135362590205212 0.02168003159761746
0.4140027967555001 -0.1506717361545914
0.4149551119511042 -0.4435110553446138
0.4150043533480318 0.1886898254145629
0.4164781313783679 0.4277460623025464
0.418334580073808 -0.1183410846556923
0.4192216297550271 -0.5185342018284377
0.4194321974119658 -0.6660548821432877
0.4194640307551983 -0.2685640310023268
0.4195761594187078 -0.4087286429378265
0.4199355996603208 -0.3681830082373938
0.4201452263483554 -0.6163460128211983
0.4202293394724609 -0.3155237938518553
0.420290231535425 -0.5786253497236964
0.4210351044207594 0.1519220496616
0.4211029354395217 -0.7296663111459748
0.4222308586649498 0.1134974110509828
0.4225917592785369 -0.8282075702452447
0.4229038743028359 0.6179955523271098
0.4230245991804941 0.4717698041899338
0.4234913389471391 0.6703556935879901
0.4238110770975954 0.07044456375073716
0.4242058297716538 -0.1926705635453622
0.424589688636141 0.5787667279971738
0.4246808424346714 0.3523951781408685
0.4250623367031644 0.04182488048948765
0.4253344310869467 -0.479930120492776
0.4254715346556633 0.2746103940040929
0.4262719813638876 0.3129873945505889
0.4276871114927953 0.5154917717761234
0.4278055512800992 0.7389787610273396
0.4281257775611891 0.3973400759320503
0.4293240833123 0.2288347671176994
0.4293480144712516 -0.09428157020229019
0.4360007638928108 -0.133365775389119
0.4371912362308355 -0.5483339144901703
0.4391910237406539 -0.1130579542726798
0.4391954006226981 -0.2355693288199484
0.4391970762448907 0.0182937210035325
0.4437627538873576 0.05435859891319717
0.4461518359673232 1.893391138190723
0.4463016512864563 0.547537847620876
0.44763385554012 0.03477972957942451
0.4499698876747409 0.8377418009997558
0.4515060655164283 -0.3911156981641935
0.4533105203675313 -0.1567016970738987
0.4534908745812531 -0.5129544389281939
0.4542394710031392 0.2022727296637187
0.4543902722847152 -0.637579056785377
0.4552470207885008 0.3846653442567806
0.4557709400057888 -0.09524117951305836
0.4558503753595639 -0.1248311089812335
0.4575143908551544 0.6393501395437169
0.458014390350482 0.07798118667717248
0.4584478938996618 -0.4355174279696902
0.4592916972717824 0.1560965235450691
0.4601221787484606 0.3106697841031711
0.4602047642901591 -0.2787813446333514
0.4602114914569097 0.4293267038970232
0.4613256115678797 -0.3148556638479133
0.4623587218270476 0.4682048566230093
0.4625414396976981 -0.588851857670192
0.463299918900523 0.5918674312699473
0.4634802473610187 0.275608493488261
0.4642323087283176 -0.3510095692277065
0.4645180204199096 0.5049701477845202
0.4648098633122205 0.04555546473541697
0.4653577370197156 0.1124655381017344
0.4653852125766544 0.01465045882493828
0.4655943391702646 1.746471719392753
0.4667751392966082 0.2412918552030497
0.4671467879830589 -0.479290629953571
0.4687924803010622 -0.6849358784611357
0.4694557810609134 -1.59102996612565
0.471055911878347 -0.5441107484476825
0.4720619977537848 -1.429825301632947
0.4721910555675112 1.086617732138488
0.4723303172767063 -0.1996785312982511
0.473141703475303 0.3542267171237965
0.4737065891221167 -0.1147715327357856
0.4743725626551582 0.6866909492852297
0.4754632497125663 -0.1359060818481167
0.476594813440251 -0.2406712805891574
0.4824920114210011 -1.844541835305623
0.4827103077932203 -0.0960427131749837
0.4849871449936841 -0.9589462275818858
0.4860110319571886 0.5475746549676175
0.487021164516257 0.03302873757306855
0.4876927701836903 0.05859695221859371
0.4892320001732274 0.392288056365676
0.4920544956946962 0.01076184326571595
0.4922301863779457 -0.3949917264253081
0.4926679430268614 -0.7522397301927758
0.4930998670655582 -2.025162450554308
0.4932398134128174 0.1269340358060155
0.4934608857491473 2.029505523321151
0.494717184428575 -0.1585048076816089
0.495832382279488 -2.250025486225137
0.496131327958641 1.268241337939402
0.4969234227782971 -0.4291806346205555
0.4979059271165151 -0.1228492835316946
0.4988329086394226 -0.6320263527174377
0.4989620040316667 -0.4605388134640385
0.4991690938133745 0.1987397433210708
0.4991733381530986 0.0912313676907245
0.4994351269697347 0.2375004079296988
0.4997544471965697 -0.5938567919347901
0.5 -2.5
0.5 2.5
0.5002651976011051 -0.561410871182521
0.5002741468062412 -0.5109417708617899
0.5008876361014252 -0.3147159583194645
0.5012291668621451 0.4695176441618281
0.5013413395167281 -1.250597373685818
0.5020965498904484 0.2759539095080113
0.5021554022631912 0.6302950847657307
0.5025889910189619 -0.3569143706024721
0.5028716662220779 0.5139462581429458
0.5030436003261201 0.1552212952858437
0.5034857677751951 0.7526010787794158
0.5035072314272491 0.5817468626439371
0.5035411001952591 0.04349490646757347
0.5038555133042473 0.3274624836706569
0.5048753002607039 0.4253778059279791
0.505442814530633 -0.2652163801245472
0.5079245314160087 0.3642109717158532
0.5092814115451473 -0.2240560070586147
0.5097685659635053 0.02607075199673932
0.5101120239597782 -0.09669021888446883
0.5106873077700266 -0.1893934407168791
0.5119417804520929 1.467072915280869
0.5150474670387054 0.0607530343391194
0.5191523564078434 0.006641253831267333
0.5201788139342434 -0.1400954433882193
0.5212498810888635 0.04055851539814399
0.5234605627994278 0.9528928760768562
0.5254247870259111 -0.6870533836541946
0.527617403241904 -0.1181159320985904
0.528486348069739 -0.3439578544323098
0.5302787673831475 -0.5440046619567596
0.5308946077416628 0.1670241770626133
0.5309370980508134 2.220943811923077
0.5311030138594313 0.2350593295491249
0.5311826810415794 0.5014359367768337
0.5315576580669756 0.6846965904338027
0.5325651373403377 -0.4768927770945513
0.5328601542089692 0.3963942220978227
0.5331446359354451 -0.1651697130330513
0.5338061352615796 -0.3781609876386983
0.5343941639152695 0.5950488009812566
0.5357361211751521 0.5455009366755582
0.5361036513835309 0.12477985221796
0.5362868299777848 0.02507206286012137
0.537149150605223 -0.5898002791813861
0.5371902264355253 -0.4290124050931028
0.5379149738985835 -0.09718831714082643
0.5387807381496635 0.07936755899271973
0.5390641318243727 0.4402548030909296
0.539507941279518 0.04978376167705609
0.5401407646206247 0.3532901248765969
0.5414693307064719 -1.716436629818988
0.5422022116238151 1.613257540599513
0.5422200787866506 0.4741607645195525
0.5424889596761874 -0.2874426913424247
0.5427065657153449 -0.3210262916802588
0.5429916440006194 -0.6396678136084453
0.5430333392238069 0.3111227302672316
0.5444124100445649 -0.2458189642279753
0.5466194109187047 0.002303853265251739
0.5466976751898715 -0.2019130434272586
0.547782027908429 -0.1376010708676076
0.5480563375635742 -0.8381760748136152
0.5484815274264394 -0.5115072536409862
0.5486116936429848 0.1974045564825757
0.5513237782121985 -0.1147420538368242
0.5515544831274895 0.2697947449513517
0.5516140160434447 0.6315040046195185
0.5539921720062614 -1.098509731949079
0.5582431925006477 0.01615171877211971
0.5599102163066705 0.03501364033304041
0.5614857565084387 0.8276596536609069
0.5633466576037718 -0.3502688660931179
0.5655549724413224 0.05938792840365925
0.5656053057455461 -0.5488886792470145
0.5656810710813025 0.1601190143116591
0.5660506149125503 -0.09754212292308805
0.5676223270370009 0.380184490098183
0.5699370716758775 0.5003169036174106
0.5708920785991822 0.4601371228833546
0.5709795670392207 -0.7398155391344329
0.5743890460545652 -0.002233418846882759
0.5750990049481656 0.5846663745059122
0.5751182751947425 0.02101420839237941
0.5760880934197675 -0.3900675655972614
0.5764805026104033 -0.4740249310781058
0.5770816059283817 -0.1236943157836941
0.5771049107821541 0.09249329111428284
0.5772356651805364 -0.1646648625770687
0.5772493423559877 0.7352031387826615
0.5773713545285605 -0.6707138402007751
0.577550283344561 -0.6193897147287486
0.5780365233272802 -0.3135192460258455
0.578883752883014 -0.1972001812569297
0.5791478158859034 0.4214556269461787
0.5797035694033851 -0.5813476872618733
0.5797969900263075 0.1288428394778551
0.5800554539175648 -0.2273951206926941
0.5805071442917339 0.2661340690061907
0.5809039140866286 0.2319338067794546
0.581635818902022 0.2968759025198371
0.582190853231943 0.5403496517556276
0.5828082811241628 0.668849734470898
0.5831121101367552 0.342963887038154
0.5843338777111569 0.1890315816019668
0.5844166954883259 -0.269888770070016
0.5848463023373198 1.890281954652134
0.5850794406627842 0.03905344275946376
0.5855845444443745 -0.5169795806419942
0.58791554323588 0.6247447735005896
0.5890965066779293 -0.4297067882717335
0.5928902798288823 0.06228226826939267
0.5944425719033369 -0.09775716880201635
0.5965661300334062 0.01697154163217178
0.6000781531575191 -0.1379156601841968
0.6023870077472718 -0.006951851589908825
0.6029471820842833 -0.1164607910079185
0.6033895829113167 0.3857774268050261
0.6080810845549234 0.1139833353662656
0.6093897757000841 -0.597335223386973
0.6093907735485147 0.5143907974400882
0.609554281950413 0.2688732789381519
0.6110377324857864 -0.5530821341311755
0.6118729688432159 -0.2004982349946478
0.6131274456240328 0.6002505199760868
0.6135882746612962 0.2000546918310082
0.6142518499602311 0.1554834268977769
0.6149865058947788 -0.352279457605956
0.6152004767795647 -0.2432615024335885
0.6153804919113671 0.4659919696452771
0.616875257109011 -0.4011062016398399
0.6172191158849769 -0.4284329403428061
0.6172444884702713 -0.3011395313201186
0.6173023558085831 -0.638572024197115
0.617435446402384 0.08111714505638266
0.6180643176950791 -0.455426730437017
0.6183754440092458 -0.2714915511669394
0.6207019056869307 0.4195946403773422
0.6207422775274782 -0.1266659306999005
0.6209467712516147 0.04136792553359331
0.6213074315745615 0.6403143881088748
0.6216097561648867 0.5571569790313153
0.6217755085590978 0.009915404579882652
0.623006234741564 -0.09783934009997769
0.6234631089226941 -0.1577443375656995
0.623802802358732 -0.4996144415891478
0.6238780627840042 0.3557758210522685
0.6254606872866159 0.3132619771844874
0.6273337353001075 -0.6985884357006533
0.6293821396049025 0.2326483375247625
0.6297726225984075 1.391109061024081
0.629933913481549 0.6961076134680084
0.6305309932609321 -0.01183095665795218
0.6382992977788206 -0.1159992944784714
0.6392958939597132 -0.1356217830464269
0.639356400441624 -1.217053481407626
0.6404321349328355 0.0198691235204852
0.6423141325032922 0.001478847623624678
0.6442272950098267 0.3888416078928012
0.6443701323717476 -1.360184229362715
0.6448637688704314 -0.4274319353895836
0.6453182357471071 1.735031228138809
0.6458963058490911 -0.2255806228077999
0.6468355601533611 0.1119447321258439
0.6471957829412587 -1.566562790209765
0.6482857776660067 -2.017720677299009
0.6509939107014559 -2.154718960424721
0.6514769471848798 2.050619348449842
0.6516483559370733 -0.09779483371297286
0.6531647269896082 -0.3215549767927863
0.6540423874494904 -0.2709081164535838
0.6541768554230921 0.2700649837252615
0.6542491306201478 0.06804758258133666
0.6545334567034838 0.1916124377472813
0.654912077722436 -0.3533284982203485
0.6550621483494632 0.469021498039444
0.6555127582432679 -2.331745918383119
0.655823896570252 -0.7889262667646777
0.6561602567596997 -0.5355286654414682
0.656173057052263 -0.4643511762047887
0.6564046057362142 0.5102643396599395
0.6567311092145471 -0.5942514559269311
0.6570567032032476 -0.1249007208848964
0.6572632166802815 0.7767491417012966
0.657491678053399 -0.6537133877808556
0.657979766558485 -0.187907558107418
0.65832339787575 -0.1510000179734303
0.6583598906993462 1.094624542936418
0.6585206578874974 0.5992017658679234
0.6585592146931207 -0.3868623947584183
0.6585702521795006 0.6541856649243367
0.6587302478239868 -0.01684843904304861
0.6589002661009302 0.5542126243498358
0.6589876691974035 0.03469831703626812
0.6593174768022898 0.4323535082876234
0.65950058730829 -1.866219556807515
0.659568041126065 0.905188541305221
0.6599159192680146 0.1499422570570832
0.6602231714536614 0.009085774991139592
0.6617946346221414 -1.713906618286255
0.6628320954937998 -0.4987664459579043
0.6632582465457109 0.3471991000772408
0.6642673004908216 -0.9554362024493267
0.6657289674147641 0.3079738920446553
0.6657401673096635 0.2308316866529472
0.6698489456269308 2.338636426955211
0.6707345474673395 1.270318249725115
0.6759190424592484 -0.115108928390409
0.6767545964514827 -0.002592517610281047
0.6775598117025818 -0.1356209598364209
0.6802666472599094 -0.09763015250577212
0.6824344115891476 0.01832274096918287
0.6841930055997662 1.553624143646275
0.684785226553521 0.1261083996985107
0.6858302977148856 -0.3051068006239603
0.6868851664051515 -0.02198013250882714
0.6871740359446915 -0.2269205926006948
0.6872385539203914 0.09060249498012989
0.6873166620259305 0.6972406674387132
0.6874310423910062 -0.6996703409085043
0.6889981333111795 -0.5158831549353766
0.689199740584645 -0.1930531612607927
0.690115310641956 0.2855453069161906
0.6914562764598562 0.4656325428456328
0.6919163136796721 -0.1087653633835617
0.6925044620551591 -1.113666720684862
0.6928561882381004 0.04972727180430007
0.6929395756528913 -0.428273434359832
0.6930066005643655 -0.3507666381788436
0.6937313142337924 -0.3895353128977057
0.6940941385988607 0.3900390772751092
0.6946209285115534 -0.4794903006049491
0.6946339425300311 -0.5510536612776877
0.694702100310288 0.2514534811424373
0.6947638215275537 0.3536707563183584
0.6948446193279406 -0.1616269413570197
0.6956289032754233 0.4287971632010537
0.6957279109411451 -0.0003538892628962538
0.6965392471535806 0.6399960129086193
0.6976382408201594 0.2107573607916895
0.6981019971082144 0.5529196302609998
0.6986709888889875 -0.6380035382342921
0.6986919044276583 2.188972439078889
0.699681153071666 -0.125656077531866
0.7012600538786641 0.1630827495631627
0.7012725099608249 0.3208765384777828
0.7015674503829208 0.5059465965629211
0.7022058209974678 0.5993792037092819
0.7033148787907761 -0.01397036505148315
0.7051586961476688 -0.2717124892379636
0.7087493740656862 -0.09735214655493725
0.7098589094816133 0.01947306997617987
0.7100914971146068 -0.5902007168575761
0.7148869013636662 -0.02719988852940103
0.7163604932636082 -0.003734481581427275
0.7184132217288939 -0.1968920362865818
0.720152622575856 0.07551297556029551
0.7208025073780863 -0.1411598002418352
0.7225366598079757 -0.3107004124583479
0.723473993212801 0.3536668997940273
0.7248761772135445 0.1160877433613477
0.7272124828684125 -0.1185460897735115
0.7272529501878529 0.2349399608811242
0.7284726260619798 -0.5565768098335898
0.7292690263466611 -0.39139980815994
0.7304508632726394 0.5838608589768353
0.7312500436463041 0.5220151011312573
0.7316719530347766 -0.5134912790644566
0.7321504682346585 -0.4260950482424559
0.7325074224115314 0.2796449916537448
0.7328291084064355 -0.4594423831435243
0.7339270566955829 0.6215522807736087
0.7348572138356246 0.4295187874811723
0.7352851915527795 0.4835049202960089
0.7356065674079954 0.01096044372650868
0.7357489961990267 -0.1651013138119066
0.7359590259505089 0.04294501567592512
0.7369067570055724 -0.01223776625251615
0.7369688125296925 0.6720000494252175
0.7369749462743764 -0.0969681107264348
0.7371621777799318 0.3845769967457047
0.7383910791695645 0.3224784861517963
0.7385989561515011 -0.2376180198448724
0.7404583098035608 -0.6729532677472188
0.7414847969688015 -0.6199271967191937
0.7421385357710977 0.1961000532832458
0.7424024001740712 -0.2787006110262703
0.7426169765862118 -0.0324794091683901
0.7430853645316491 -0.3463158005632905
0.7443409811247789 0.7404666719206539
0.7444801245124841 0.1535818475131703
0.7446947449601469 0.8290653787393494
0.7454882912124319 -0.5830890749665892
0.7465393189456524 -0.7461915591455313
0.7470498249077219 -0.1363455447185254
0.7470607539025734 0.5538134022168896
0.7499349387843872 -0.1140215806437723
0.7501426916012639 -0.841395772542332
0.7554163157274242 -0.01951912820837846
0.7568406320388048 -0.0007598613956386616
0.7572114914253062 -0.1958090473180714
0.757576804324542 0.08084696350973483
0.7578581805301019 0.02128558767816885
0.7632702393916568 -0.3087477301520036
0.7635137676463978 -0.5516337830923792
0.7648115052575795 -0.09648594494515055
0.7655950565740778 0.3078126820159805
0.7661518698020797 0.3965464855840462
0.7664424156863909 0.239413087288844
0.7692311182884358 0.5946116249328269
0.7699469084807986 -0.03778801750798726
0.7701075557532974 0.6406999694853262
0.7708934169098123 0.3521515013288351
0.7718620065821232 -0.01340992860920523
0.7721404612372927 -0.4783128645983958
0.7724902218828752 0.5167647592833501
0.7726723446411704 -0.4256268830563718
0.7729405842352569 -0.3750572232237375
0.7735365123725732 -0.1218511083676622
0.774156896944716 1.901748265202397
0.7747170938684854 -0.1575033599289936
0.7755399264313247 0.277426622781646
0.776384162685596 -0.6415699240057424
0.7771952862265067 0.04460611716355956
0.7775430159022354 0.1253534209532868
0.7776695900573638 -0.2257997897567151
0.7780352409881771 0.1699335214856779
0.778378632981222 -0.5171395181504701
0.7784493095845223 0.4247472714501705
0.7786892696031226 -0.3389136382362858
0.7800826913808591 0.2038487509267415
0.7806812588217414 0.4637991984266189
0.7811051450243864 -0.2665195897773014
0.781748836766048 -0.5944294528675003
0.7820177588895557 0.5568429831922845
0.7838415255575784 0.009222814138235573
0.7904682259843017 1.222248905523439
0.79059615716868 -1.702590713643734
0.7921165063189721 -0.09591437890925106
0.7921472815777995 -0.01834524452797664
0.7926375192554458 -0.1173219100455685
0.7932111486297255 0.6896412518228414
0.7938689531756293 -0.1350416689559141
0.7953789130152758 -2.039202846518533
0.7956661624714411 -1.447215234678786
0.7966536107146978 -1.572610404668838
0.7967378338215143 -0.04309236384700396
0.7973072142200951 -0.6925735220898684
0.7980630666688119 1.387208380389687
0.7985529432959254 -0.1935461224951834
0.7994675394344507 -1.064795558262782
0.8013678755517343 0.2251124059553125
0.8033371594937581 -0.3539729734306251
0.8053595432059885 -0.4580341244784309
0.8059454427482884 0.3060202156444381
0.8059962251089285 0.5805773329434488
0.8061063042443284 0.396039575825959
0.806722760137215 0.2594054159386369
0.8079172274436425 0.4344245012034546
0.8082127257208951 0.08210183031146452
0.8084742799562854 -1.242934149175818
0.8093872917091811 0.1534408131385722
0.8094615952284893 1.719486071020316
0.8108145 -2.5
0.8108145 2.5
0.8114670845027944 -0.3889928204138741
0.8115119178803567 -0.1201170855715963
0.811640182355287 -0.4961744339833841
0.8116802628339627 -0.3119366547816759
0.8117200413931758 -0.0002922300324218487
0.8126264484521087 -0.5483923712702946
0.8136629930045825 -0.2327316030941777
0.8151736005291637 0.4974974236432134
0.8152286643662384 2.09172549498813
0.8154743376126653 0.9437465099972086
0.8156333783604342 -0.588258545498652
0.8164455792037 -2.245314928561781
0.8165090039574139 -0.1543486485305007
0.8165144054290161 0.1909825785341378
0.8168549688046312 0.6267727465760338
0.8169500588900124 0.5423298132993769
0.8187362970110659 -0.09526325687584912
0.8189016827171695 -0.02427716425271003
0.8197557480610259 0.03236636869551673
0.8201060298827212 -0.2689193916648818
0.8203355374383711 0.1232855909409221
0.8209974725788559 0.4614462955843476
0.8228401439241115 -0.04835607201721247
0.8234775461432217 0.3514665607488763
0.8237513740007115 -0.6291702942925121
0.8239738616996528 -0.4262281935816999
0.8305827667800697 2.26532188330735
0.8324358489277414 -0.1113239664279924
0.8333347202935543 -0.130680106710544
0.8354222655836818 0.2310452635786307
0.8355869317403978 -0.9337355931739495
0.8379169306982452 -0.3539462140307624
0.8444681414457501 -0.03162631650552772
0.8445056922129405 -0.09454387056980915
0.8447912351598429 0.5791082720212442
0.8447954492577264 -0.001966020430087332
0.8450237848935345 1.104456976560737
0.8453477969562612 0.3840526406943364
0.8468689109679024 0.3190982161069871
0.8469120669474247 -0.4624029287902145
0.8478812838191138 -0.2852149277088995
0.8480931239882709 -0.05353933774519589
0.8485004888744112 -0.5813708564349225
0.849406905213852 0.6797392829501774
0.8499309949726178 0.5190332067564496
0.8502444112650507 0.4300418007622792
0.8502534482417689 0.7724138616672706
0.8504959365829161 -0.5472347985438703
0.8506054130021648 0.4797458359206692
0.85104798735259 0.2755822521272658
0.8510684920215708 -0.1947422390988388
0.8515475068554372 0.5478022115499542
0.8517326591788004 -0.2479339608049745
0.8525263024216072 -0.1477101278183413
0.8527153230659854 0.06381829917593909
0.8527230624121271 0.1052668797125656
0.8532222144412953 -0.7800353249562815
0.8539203409640439 0.1552331000909113
0.8543223413177461 -0.1174293734053816
0.8543636836224852 -0.5129663665734024
0.8546659891089007 -0.6839794393433546
0.8553183357134876 -0.4289554206013795
0.8557479976725152 0.1998101922857278
0.8564850015354083 -0.3952640975488102
0.8598085955705755 -1.867088683166468
0.8600498568274196 0.02856113126454499
0.8607221176606217 -0.3181800248414807
0.8645742190818634 -0.04075002981812462
0.8652622219518626 0.3519302756291288
0.8672993569672205 -0.02124923433870134
0.8692475476786266 -0.09376931947666209
0.8717893159531267 1.572727370197351
0.8723245956889509 -0.05859849978054616
0.872474692190053 -0.1314113783284246
0.8761511832988478 -0.1114991202788121
0.8770229926183695 0.2332279817919164
0.8793194565800672 -0.3549557392922555
0.8794527739421728 0.5026576799401147
0.8829975934956542 0.3900665765462682
0.8850264694379462 0.0847554515491889
0.8857637561327768 -0.2299087166364399
0.8862765232518738 0.4661474249542029
0.8877684481553031 0.6196083862606323
0.8878793302876205 -0.5129487150261753
0.8879171107454267 -0.1555753142574647
0.8880427657135794 -0.5492870725092306
0.8880754810202409 -0.4801318374450886
0.8887599929660396 0.3120913995890706
0.8897360683794586 0.1564004427679801
0.8902185216766005 0.5484867629857352
0.8902760932103996 -0.4310487763904499
0.8907407506633835 -0.03688371490472536
0.8913228815157243 0.002231884464501425
0.8918433010118915 -0.2778420077496767
0.8920389818151492 0.04822930770379337
0.8924069920240147 -0.1226730611912155
0.8927723346175289 -0.092954868199656
0.8943940005721321 0.1900106890315993
0.8952050689840174 0.268440788279531
0.8953505602742917 -0.06348561409453567
0.8957347695027832 0.1231897809753443
0.8962864670653751 -0.3873691113167448
0.8968749074665461 -0.3225893821535162
0.8974882024354981 -0.6227537348320295
0.900738321810462 0.4279797850498757
0.902447266276832 -0.1952748064449604
0.9034162528843553 0.3551171791425009
0.908714920323639 0.6871772598561828
0.9101311337908616 -0.03854116818152337
0.910552768742225 -0.1101288641375424
0.9114380635199914 -0.05191222862796052
0.9136861403417815 -0.1336458593469284
0.9137824386445127 -0.02360589225507418
0.9138263580349521 -0.6988355177069952
0.9146537536433078 1.841558819453241
0.9148777187300287 -0.09211826084234052
0.9168139334304105 0.4969745139760354
0.9169748385885738 -0.0681480711740101
0.9201545947057069 0.1575857844789472
0.9204346671800341 0.4590183994162358
0.9221640454292011 -0.5071599872938937
0.92232701783717 -0.1023745549971296
0.9244643392557068 -0.4314211647761103
0.9250246659704712 -0.3082027958620487
0.9261364383645087 -0.0916571869337208
0.9264358109373349 -0.04167048413471938
0.9271031976605909 -0.4613218928006763
0.9278192031919207 -0.4026092288876819
0.9278367093376798 -1.390416135236045
0.9278407487328343 -0.07052618410964039
0.928481447366495 -0.1159253006938403
0.9285658094710019 -0.05975268818975881
0.9293287063357244 0.2872257016124165
0.9293407032215784 0.2345773971899124
0.9293778234871792 -0.3529056725010263
0.9295858641905591 0.5824754509634609
0.929738102613385 0.3280169301211423
0.9303669519277871 0.3580059879434374
0.9308787314857074 -0.005598600232493989
0.931254951346249 0.02966271295641992
0.9314521848799918 -0.1625527638753815
0.9315332819458684 0.3911723885944344
0.931762015024311 0.08190030965086974
0.9320023854354163 -0.1012848881375928
0.9320327921769788 -0.2333878553194449
0.9332169037932603 -0.1958614732154579
0.9335601626647532 -0.02636548324009363
0.9335933814633547 -0.1345184218530616
0.9337791232573734 0.1894551207998836
0.9352152593827335 -0.2776692134830383
0.9353481479147353 -0.09127994342244396
0.9355166674738806 0.4324666795089419
0.9366665688928533 0.1266453547555958
0.9369887036648888 -0.07252830539259368
0.9391827977174655 -0.05196121040765213
0.939706024669523 -1.743302085040694
0.9398027929555489 -0.1083068061434964
0.9404260035143316 -0.09870411457428707
0.9410822150805739 -0.06208213275651457
0.9446513007014282 -0.09087154085304261
0.9460655449880601 -0.07454285899752637
0.9472184502521942 -1.571156064121826
0.9476728121259024 -0.03960645930792668
0.947929655421883 -0.1206045539112268
0.9482202765738746 -0.1413077026482546
0.9483317511722659 -0.06839370691575175
0.9495010455213033 -0.1025440843341837
0.9500616399361114 -0.01988498966917947
0.9522136240972083 -0.05786805668840437
0.9533769334881299 2.157750892159119
0.9539544534881211 -0.09046313828364128
0.9541723882850066 -1.984050862884436
0.9551705009246113 -0.07656365248191926
0.95596788559892 -0.4307916073747592
0.9564601155931362 -0.5604626994816019
0.9567752293481465 0.3539711465235382
0.9578357834327642 -0.06906674487571025
0.9580981582844377 -0.1099388338325547
0.9590248466397896 0.4653483604582694
0.9607079102578621 -0.1328905611297558
0.9607236475170347 -0.09954920935330947
0.9613320839916628 0.5351297578794961
0.9614485598744522 0.204300302183429
0.9627912499466023 -0.04915904639100885
0.9629744844064906 -0.09004249137667951
0.9630271651361255 0.2691505170818377
0.9630522814136998 -0.2639746806630591
0.9630640383719968 1.719651570896568
0.9632582816292188 0.4203743801018364
0.9638774243736556 -0.7603148558654225
0.9639272451277198 -0.07853225912798077
0.9648986474821055 -0.1195925818037139
0.9652620000268177 -0.1922282953135072
0.966185913817848 -0.3886778550051823
0.9662899718082783 0.002279238958210701
0.9672012275304618 0.1612135165436384
0.9677608683178104 -0.1524400572147447
0.9680801777053192 -0.06579403067434368
0.9682637001312222 -0.3073437476022013
0.9687554071548978 -0.1077627286537275
0.9697539707850459 0.08231688276068436
0.9697731136807225 -0.0314614553523509
0.9699300786592779 0.1128603188064781
0.9700810438235531 0.3114937375159205
0.9703342483915523 1.994748936781438
0.9704534700916818 -0.08969371073233827
0.9707971323397476 -0.09736561661519379
0.9712852507007446 -0.0801864148663284
0.971407789607681 -2.13129949845449
0.9721589282885154 -0.880686583625702
0.9748939661929291 -0.1311255768411098
0.9749376526582214 -0.3515162764655637
0.9750820082940694 -0.09324866274565495
0.9757230246043267 0.8616761180445538
0.9760361939690111 0.7359167014351419
0.976276233631225 0.04943237669583685
0.9767399093780209 -0.08938506799183037
0.977085750753913 -0.05227437989187409
0.9773825946987873 0.3867082927128415
0.9775084834908502 -0.1165412866271359
0.9775110868653691 -0.08160212093692232
0.9783378699390933 -0.09688003255012413
0.9785057068447022 -0.0750759227272441
0.9785110223107596 1.244294053439125
0.9793574744623319 -0.0926795723863693
0.9793924804131937 -0.1044188301519506
0.9794380234906885 -1.08304208447217
0.9797251529907729 0.235986672374296
0.9801959422740051 -0.06508133586935191
0.9801990653727987 -0.2329230924761172
0.9803346502743896 1.030091808391918
0.9804830693940975 0.625838778185653
0.9812000362614894 -0.08916609096499133
0.9815795147578088 -0.4824475994201643
0.9818186770868901 -0.08258163300003901
0.9818996544606657 -0.09504816552591305
0.9829211826448203 -0.09239693388927173
0.9836228159395899 -0.09845073174678523
0.9839048561886012 -0.0778455027906533
0.9840634908022309 -0.09059169227226636
0.9840935292833049 1.4585911299317
0.9845876793709898 -0.08899976923570159
0.9850842279054057 -0.08332419351646796
0.9852158543393004 -0.08083217782742094
0.9852849970695939 -0.09470607681536325
0.9859209388737513 -0.09199995702624104
0.9860949180992394 -0.09011763223684856
0.9867864498598592 -0.07230808224294061
0.9874462276671548 -0.08854562688422475
0.9876974004669865 -0.07852888266214127
0.9877885048681282 -0.1415847823544599
0.9877891842412034 -0.08185533406004485
0.9878162229637 -0.08426634748382141
0.988242226701581 -0.09044076854624811
0.9883200862021639 -0.11180453291562
0.9883776077634008 -0.1025616547903477
0.9884273596995249 -0.1252378037721527
0.9885107938271999 -0.09711009520706625
0.9885870006183182 -1.270667332181342
0.9889603672614122 -0.09315912294010544
0.9899608375404209 -0.08814612660556095
0.9902017834687179 -0.08346165092443797
0.9902264527776439 -0.0850975377067125
0.9905614055332465 -0.08092101074927868
0.9906243364764441 -0.04259550708891449
0.9907599538932351 -0.09027595656260166
0.9908353835984413 -0.0605101685119871
0.9916386315104657 -0.09516542919194003
0.9918917941615811 -0.08783935229577929
0.9920801209536186 -0.08573679245969959
0.9921548203184297 -0.07750705086406005
0.9924810530122741 -0.0923268133676898
0.9926510625963859 -0.08332225673429752
0.9930413912892212 -0.08098770388635423
0.9930759780737457 -0.08967592414535891
0.9932893346986466 -0.09868511932374441
0.9933058422847716 -0.0850323599073791
0.9933884173658442 -0.08760158126277955
0.9935112129310584 -0.08623031787077201
0.9937908931128193 0.3496860872364921
0.9942036986543746 -0.0843373407672499
0.9943225785511665 -0.08552561703436762
0.9945753689783523 -0.08888603992322285
0.9947370116198099 -0.08738732783683399
0.9948002041640847 -0.08667483851527044
0.994971122934791 -0.0828374513720211
0.9950004529777011 -0.08022855474190624
0.9950669829354321 -0.01982723354951635
0.9950712931247315 -0.0946079181459194
0.9951682944905652 -0.07168742846776942
0.9954475103467144 -0.09103355143695939
0.995518506695476 -0.08518705978448059
0.9961946980917456 -0.08715574274765817
0.9962756844088416 0.2001186916973794
0.9962799087386565 -0.08868030110492618
0.9968005399344455 -0.08399742735956162
0.9971388836180058 -0.07796202382600444
0.997191404955038 -0.1052779173813518
0.9972277140215345 -0.08567376220207587
0.9973092233133122 -0.08179927569888103
0.9980878267897393 -0.09001345710544541
0.9985241590687772 -0.2685791655498878
0.9986436886819612 -0.09292291300271714
0.9986665164546592 -0.08742903529788823
0.9989116819613749 -0.08436887001572448
0.9989772692637637 -0.09754682357782991
0.9990084933686131 -0.1175392390772897
1.000833027971211 -0.08119584193877945
1.001480758959837 -0.09004860969953912
1.002181156516248 -0.07543228985449144
1.002493488185405 -0.08581056014615041
1.002538605400793 -0.6575865040773736
1.002607948409753 -0.06642993114634352
1.002856079556346 -0.09411735166115322
1.002977942319508 -0.1338072974243836
1.00298101046671 -0.4198849010688706
1.003088985640037 -0.2045498526522139
1.004739204012995 -0.05379182080846901
1.004926775477433 0.0889129464892211
1.005036367311869 -0.1647239958352811
1.005632066677744 -0.1096445740739541
1.005771287082778 0.4265932453825018
1.006281707871071 -0.3735723450737853
1.006544034681919 0.2759777428940554
1.00678990349711 -0.08151249791364017
1.006853122984659 -0.09994038144746828
1.007082604541904 -0.334581229733102
1.007256696097171 0.4844811620950923
1.00777157709818 0.1328314527357953
1.007923798801274 -0.03812400031148697
1.008182658844471 -0.09005733399423997
1.010635741335155 -0.07356707667346848
1.0109427202103 -2.312363722135233
1.011365133771398 0.3175478695852494
1.012031425543102 0.1686666725008681
1.012416822555078 -0.1198300741987062
1.012506456221814 0.01408697733382879
1.012805052248312 -0.3002603026121128
1.013170030301902 -0.06333955722453624
1.01356192503447 0.3809165902584034
1.013767060053364 2.311951356112539
1.014818815357716 -0.1073200960726928
1.015544036631801 1.603070674844011
1.016314351084448 -0.08277216685040571
1.018834247053151 0.05344387940289039
1.019162121293421 -0.236255479312094
1.019624089800974 0.2325422161125521
1.020530900344892 -0.0962782001852471
1.021208510327385 -1.861279216858859
1.023058998806742 -0.07129698367590751
1.024353514812106 -0.1357241620953029
1.024970843111064 -0.05171615954786191
1.025230497973708 -0.02287029486325748
1.028145685617359 -0.1136536713740096
1.028953919366984 -0.08393684752020406
1.03410822467269 0.3485073112052744
1.035812800954631 0.1968876301187559
1.037340964206097 -0.3538840096732644
1.040806823466966 0.6836550286827594
1.040848172624292 -0.09748145926454961
1.041609000643753 0.1141497615794082
1.043384130302403 -0.1582100204691606
1.043541264888192 -0.3191030992275207
1.044877657515592 -0.07218390638287738
1.045167599989534 0.5381504890152349
1.046315106473702 -0.2006689009117336
1.046704516642004 -0.2727492977870315
1.047022020556158 -0.2367650519308165
1.05025275064225 -0.5468575737479818
1.050281139746447 0.07824444001518892
1.050429947683387 -0.3908932085947862
1.050431174814503 0.2605602493232204
1.051954567113692 0.3054417370996372
1.05320660023444 0.155777815567282
1.053438389605192 0.03814327480808082
1.053510702280194 0.225861662258309
1.053700373200379 0.3923760988832366
1.054062873193864 1.853957865941496
1.055423389735519 -0.1259462378109137
1.055639929577862 -0.001158615199133837
1.05787961344866 -0.04034295781681374
1.058378694780125 -0.4545449948113118
1.065026263117508 0.4567148888045405
1.0687646542469 -0.09378833495934952
1.07219288854161 -0.06749676803773622
1.075656881289522 -0.2381127289530989
1.076726524654038 -0.3476663791059481
1.078829625286174 -0.3066000531603702
1.080050445452355 0.3465822161177353
1.080517467824226 0.2409249902689325
1.080894561094251 -0.7802491117492585
1.082235963452028 0.201832896282544
1.082985323505231 -1.718339215968325
1.086236530365556 -0.1646767325920966
1.089183743706568 0.3123302149248561
1.091540281764153 0.0632204551681247
1.091687719718973 -0.04992281832258803
1.091787326934225 -0.2062465212127374
1.092489402492333 -1.41563411897128
1.09383593279918 0.1143672209631597
1.093935803892923 0.02144861954760304
1.094082539941198 0.2778958665039005
1.094094492015967 -0.01811234708603855
1.098089271024243 -0.1195698670279759
1.098119842451177 -0.2738786429959149
1.10125487539951 0.1631206267367876
1.10297495617802 0.6205941789423517
1.103768621119025 -0.0800272165066567
1.109122534843123 0.7556786679810212
1.112862999980518 1.719467881398627
1.113969734222819 1.388946509043223
1.1159315 -2.5
1.1159315 2.5
1.117179721100498 0.2372286389611663
1.117861108993131 -0.2364290640461089
1.121422679491522 -0.3969682265475905
1.123313653819094 -2.182272725309626
1.124071003464827 0.3969816186010178
1.125413364372336 -0.9389759424275977
1.126096953916908 0.0813100188698086
1.127933001578823 -0.320059421197041
1.128066708156585 0.9234228408892132
1.128414704894405 2.132875481992407
1.128472146723027 1.975724143192306
1.129196306895724 0.320994059576982
1.129568319153424 -2.010503322831291
1.130393828743573 -0.04565897976548129
1.131243041922223 -1.240752591871042
1.131598549690308 -0.195175626230347
1.134279105384175 0.04460182162038336
1.134337137429722 -0.07623522972332988
1.134555079287713 0.194853660926817
1.136862391207109 -1.58271686164857
1.137193528525004 0.0002532221522240068
1.137894031966863 -0.1483190007248246
1.137941173091723 -0.1057061392719446
1.140295488925823 0.2727930861917046
1.140860121076972 -0.271645741460002
1.143819446442526 0.1488749290584666
1.145648045169421 0.1097495349084106
1.145684264083009 -0.4943358256559816
1.146191241514492 1.097755104699645
1.154067609615323 1.55514916260021
1.154498201106631 0.5027327366196949
1.160128363333617 -0.636621607512744
1.161006188008298 -1.841832315866239
1.16847126362418 -0.2349958591834288
1.168977550140706 -0.07581849568602081
1.169756613803028 0.2360260715901453
1.170828556173417 0.07545865378518406
1.183709860108931 -1.0965484428063
1.184600439033464 -0.02907532686899353
1.184856185546278 0.3506817117273332
1.186068008974963 0.02604002568584294
1.186333816173537 -0.1237265232411604
1.186402730784687 -0.1813972345198984
1.186789257233073 -0.3538593519677175
1.188007176956804 1.262759445590534
1.191256274666675 0.292190013831892
1.192309612860783 -0.2927596777710014
1.193236131641754 0.1820698524790498
1.194757139192068 0.1231190263550083
1.200935328884206 0.411932444681248
1.205186832227151 -0.4220231783742126
1.213359879045037 1.858962991711319
1.230116463720122 -0.07702158713441275
1.235043351755136 0.06965471271841406
1.235325266559832 -2.31465041901782
1.235998210402318 -1.356532665897213
1.238416608858521 -0.2356234786603537
1.2392987862768 0.2385493641470066
1.243747470329875 2.311616986118705
1.250435075233017 -0.006156729669533059
1.25267955577251 -0.1506165582782383
1.253493055775418 0.8158760111111409
1.255074258344737 -0.8076013928137658
1.263180462662785 -1.502595142529287
1.266963841655612 0.4686159112613736
1.267567884922214 -2.024652856378091
1.272374193665466 2.011469824813227
1.272625497665063 -2.141525535139644
1.274026364952274 1.711097956198502
1.274318393660441 0.1490735716715745
1.276441021118282 0.6276501493266121
1.280446547534997 0.3407894679331037
1.280679716158362 1.417952049885326
1.281010593583402 -0.5142608832981291
1.28544384564837 -1.90940940576066
1.285794037631017 -1.708352717075771
1.287345665220304 -0.9865983135363753
1.289481733047473 -0.3456848060211016
1.30117859122702 1.14838514945441
1.305377054639324 -1.225644429987671
1.306350633670248 -1.103147710539533
1.308109606264454 -0.6600506396653942
1.309095428752232 0.9755175407225684
1.310518381390338 2.157837290129084
1.314303636427017 1.572511076328382
1.323471893207947 0.2315909868190583
1.32660021902031 1.279730578417045
1.328386646608319 0.04819888506373215
1.331995133384982 -0.07687314436936255
1.337746233214187 -0.2089079583076151
1.382512578535245 -1.388802336660418
1.39753781453743 -2.03497170434848
1.398065058210862 0.1490981697878839
1.403383432112688 -0.7519649788058713
1.404592 -2.5
1.404592 2.5
1.407443853021117 -0.4424656310667201
1.409063177235417 0.4529594630024318
1.419946010508526 1.078607067411044
1.420315883155088 2.066000876647214
1.420319788648782 0.2832848294811508
1.421550661731829 -0.8991132073345266
1.422568748442068 1.871378650307041
1.429411044368584 -1.553947972434171
1.430153382915075 1.667587056511305
1.437673502839988 1.204408536086671
1.441176559067169 1.350566801516544
1.441440632936786 -1.093619319370706
1.442298924586619 1.503947702125973
1.444347709627129 -0.1468537276421824
1.447699725648986 0.7967599168020617
1.451870612312884 -0.600960760180402
1.460727341805704 -1.856336490356219
1.461415791174338 -1.696477446232027
1.463157796279599 -1.266045959212635
1.465204433149198 -0.2969274400751728
1.468197317718971 0.6098842595999706
1.472576276154417 0.003341911383210269
1.472829239635699 0.9685838280424942
1.484208134091927 -2.24904669472148
1.493512352612665 2.257673403863093
1.539759209830223 0.3466352990222573
1.551082758811126 -0.4522425481914995
1.552745943194111 1.745441472448936
1.553835774224984 1.266173806537896
1.560765392777045 0.1789902033298888
1.568326295614209 -0.7805708803706389
1.570392352345429 -1.753100127982484
1.573109717074515 -0.9671831183982996
1.581352956628067 -1.084203779679276
1.583930872121606 1.599102381395014
1.584657209874965 1.101491510555114
1.585460461163806 -1.615225363102177
1.593791525310721 -1.409203345008313
1.595241791909638 -1.20217702131342
1.595649585860356 2.037742412875995
1.599584876156271 -2.026119395940893
1.600923645891903 0.7934568676211737
1.601454503512098 0.6781196564445108
1.601946017144752 0.9102244643499832
1.60542094708766 1.413359366905205
1.605988927491097 0.4978625245375823
1.610087541135845 -0.153562617519416
1.613171415869895 -0.3246544130085228
1.622635709944569 1.866202884468712
1.626549934995949 0.02463920449238542
1.636286701203846 -1.8632629540567
1.642442269488989 -0.5998518572733188
1.691042267717405 1.258303521260624
1.6938545 -2.5
1.6938545 2.5
1.695926264727464 0.321113238225557
1.707235248792616 -0.8960055071262832
1.709073158629024 1.72996985770382
1.712573333039109 -1.732719999173286
1.718393323267788 -1.066394238788222
1.725662999187879 -0.4345372192841019
1.728194473029528 -0.2800085235711972
1.733432061601689 0.6101931674477167
1.737056731914627 -0.04042920885017518
1.744486122899605 -1.560376882145372
1.745355271365495 0.9916787753018314
1.753884937706551 0.7907466669251148
1.754431437253687 1.137272872290248
1.760370991032698 1.377430811628295
1.764299337670551 0.1251368198952706
1.765873281000003 1.539097187498406
1.768012144407758 -1.260326863939992
1.775396481750632 -0.7396253712604308
1.780442264437065 -1.415895266164237
1.785270417504852 -0.5809960785278612
1.787937600254171 -0.1649804515346446
1.790737945014682 2.231203744672567
1.791205310051633 0.4700686594539603
1.792174439648128 -2.226255830241076
1.831034428901648 1.937761478824534
1.836951477953175 -1.929182167489569
1.866995906284307 -0.4834213188359574
1.870442490350732 1.422883358768975
1.872434846011561 1.080714189239722
1.884569656959639 -0.03716874836691508
1.885374062188262 1.256286902712734
1.888293373746439 -0.3117427628692319
1.891659376446559 -1.128057029431743
1.893029309764499 -0.1711506952511792
1.896719040090656 -1.685116112286234
1.897641369961048 -0.9186637990113165
1.90284556452393 -1.243117314512589
1.903157864990049 -1.34875713095079
1.903206888689522 -1.499928991250734
1.903359178865293 0.9367544288169418
1.904568372277408 1.69895237444715
1.909789971158593 0.3087097509654139
1.910631968680991 -0.7650696555747645
1.911915506751817 0.4651767500549442
1.913370520905572 0.6170315449838421
1.923415607920965 -0.6277065190274798
1.930547754637367 1.538702409214623
1.931006502726497 0.1186971079003937
1.932067996341111 0.7922011216887024
2.004201800223044 -0.1613990613555028
2.005580955519859 -0.4709403200824252
2.008949655008018 1.414863536239816
2.021753381054135 -1.060646110752016
2.024645567002557 -1.412698786230969
2.0293945 -2.5
2.0293945 2.5
2.033398945944221 0.4650536980704683
2.04145329474706 0.1867409129817719
2.04310613088456 -1.239545291515052
2.046260240603596 -0.7564446493282163
2.046981575370586 0.7321845770348909
2.056942942456932 1.088383451078929
2.058668210847877 0.8781834753101498
2.065884355370494 1.276838940010988
2.067126885148162 -0.6001209639525111
2.068024527528219 0.01796679182236464
2.074001686331678 -1.572162627585944
2.087168644500876 -0.3166968005176933
2.09884531495075 1.851956614523866
2.101734587886432 1.604015528329453
2.104730436689307 -0.9293749002587409
2.105964850409608 0.6092522544516806
2.107972684193676 2.15874000234557
2.108095063558741 0.3162584797725522
2.116923404636616 -2.156787608608452
2.11854398221559 -1.821673673168984
2.168745164735558 -1.088836014691283
2.17052119508581 -0.1534813527894193
2.180126689907077 -0.6571510503390823
2.182953317692639 0.1647583183396688
2.186606406355075 -1.401407911691138
2.187611391258974 -0.4915288115111066
2.188617916787691 1.400798901350785
2.197374334408181 0.9522708191053141
2.200998492081733 1.231407700553405
2.216065861887545 0.7625934710578854
2.219987081428414 0.6169334946547533
2.222866102293776 -0.7962697186961499
2.229376541859772 0.471948877523217
2.232442890185063 -1.235300351051744
2.249260249206252 1.748488907484661
2.253217952361993 0.2949695080041855
2.258561788555411 0.005904689975106601
2.260980836997402 -0.3123065782811994
2.268464148216578 -0.9571233569353669
2.272493208235819 1.099293070498127
2.321737572231022 -1.619308462378124
2.331025217309805 0.6217065972629632
2.338537235211492 -1.116460963276115
2.341409633603338 -0.1560515460939154
2.345455328427866 1.591314083966797
2.349457835976731 -0.4470236843528646
2.356282824655289 -0.6389458627769208
2.362806901252502 0.1687148956004474
2.37650796230938 -0.8387946812550202
2.384629668349276 0.3536057489508188
2.385186603539525 0.9340697626085391
2.386040356916993 0.7499654251368025
2.399297423407249 0.5001866551785843
2.403499622893906 1.10393532300859
2.409998870059193 -0.9835551255807926
2.415928503481094 1.297509532457129
2.426405527097995 -0.008010857168576699
2.426681127674108 -1.338369081036728
2.426913937376369 -0.3111071335177589
2.4492376021573 1.948468272992564
2.4549725 -2.5
2.4549725 2.5
2.476140794174642 -1.97629533971715
2.484560647250568 -0.7593578870469132
2.49977237442158 0.8027569645020609
2.506996058602172 -0.1593841404475067
2.509625312725458 0.1104783631027506
2.51257180764187 -0.4833742276713732
2.51651251237104 0.629202723765239
2.526414897980893 0.2573424820073222
2.529946390829071 -0.6441204974492087
2.530076163894719 -1.101407985084047
2.531488187799073 0.428702092122797
2.531822945207709 -0.9039009135956012
2.545317348544211 1.086205792187926
2.567033628502732 0.9212802685968414
2.588495178326511 -0.01387618965388549
2.591094195898214 -0.3104216323123867
2.630136313358183 -0.7679902990597888
2.642782492287719 0.7864884523916914
2.651780797894172 0.5078661853570138
2.654283622862934 1.599366949732595
2.654852737036349 0.140766641958567
2.656512897299682 -1.617302078690608
2.663945635963776 -0.5935898839635949
2.667510096528292 -0.4407086622482714
2.673441445477277 -0.1594999556844024
2.687757710176219 0.6396833092180577
2.711529892605772 2.211387861045334
2.715158589023917 0.332470651987474
2.723240172310915 -2.223262060955129
2.726266912338659 -1.292539738096518
2.727845520383311 1.281211371526585
2.746958314306455 -0.9835469035007886
2.756812402560459 0.9873267621963022
2.76181764632321 -0.004353029507703701
2.76482404510065 -0.3141067266327439
2.810035528949275 -0.7275149439505599
2.81313003340677 0.5233416160574383
2.817950300347659 0.7434019314073301
2.818670912828929 -0.5004234051742068
2.827575334890188 0.1583872854345429
2.842653085636246 -0.1573132584728524
3 -2.5
3 -1.9549725
3 -1.5293945
3 -1.1938545
3 -0.9045920000000001
3 -0.6159315000000001
3 -0.3108145
3 0
3 0.3108145
3 0.6159315000000001
3 0.9045920000000001
3 1.1938545
3 1.5293945
3 1.9549725
3 2.5
