0.6749249190935659 
0.6749249293503435 
0.6749248920914933 
0.6749248791233703 
0.6749248665327879 
0.6749248648838204 
0.6749248627877864 
0.6749248621434928 
0.6749248620867367 
0.6749248106728493 
0.6749248562339354 
0.6749248542564686 
0.6749248620830882 
0.6749248621774893 
0.6749248616742181 
0.6749243280327811 
0.6749248051391233 
0.674924536804278 
0.6749248557230941 
0.674923603045357 
0.6749248256571154 
0.6749240502742739 
0.6749248548503829 
0.6749248567128759 
0.6749233197761733 
0.674924857909297 
0.6749249723778812 
0.6749248180730353 
0.6749247343034825 
0.6749249426994975 
0.674924861232648 
0.6749464861626584 
0.6749420843917953 
0.6749249302173743 
0.6749262805966191 
0.6749328640308486 
0.6749248784724918 
0.6749338521954974 
0.674924867843075 
0.6749307652675446 
0.6749260772411129 
0.6749256138988203 
0.6748843737159765 
0.674927623793049 
0.6748966572523595 
0.6747677076614123 
0.6749267448928989 
0.6749248817648318 
0.674269317664446 
0.6749249352539975 
0.6749247403449975 
0.6745711666742582 
0.6749151092792515 
0.6746695960920833 
0.6734121614410068 
0.6749020654047205 
0.6749156072629421 
0.6738413245636546 
0.6749208207237045 
0.6745661355472364 
0.6682898919374302 
0.6708220942756875 
0.6619055519630087 
0.6747097685848037 
0.6747334219432312 
0.6609403727939905 
0.6662183152124815 
0.6747900044123801 
0.6688980134063005 
0.6748309693381126 
0.6462048002588054 
0.6727542320177694 
0.6453865452908201 
0.6740404147189912 
0.65175975113407 
0.6203499022898086 
0.6198846879838478 
0.6707260158428534 
0.6058701557397658 
0.6727592858068581 
0.6743252821190716 
0.6745385083394323 
0.6386214698378151 
0.6535555004818312 
0.6186408819195977 
0.6604619423901458 
0.5861662353908144 
0.6609006827831267 
0.5675225465598236 
0.5932101319263106 
0.5566863233404475 
0.6735038471293288 
0.6718545634848597 
0.6256946592271369 
0.6672174876708299 
0.6016186474854356 
0.642449372909626 
0.5611935708063942 
0.5777387330175643 
0.6681628566888943 
0.6375327563885348 
0.6535318008847586 
0.6640890655254285 
0.6185404653549772 
0.6042017959786377 
0.5906295553604962 
0.5302066358373047 
0.49844796162449595 
0.5479181440601637 
0.6175616534497801 
0.6505825044876821 
0.5740778473820168 
0.5867427366974096 
0.6008845860475668 
0.6619723735652189 
0.4933657428108965 
0.6327617766629162 
0.6574511626192023 
0.5292441230560132 
0.47276209988722756 
0.5961374789752036 
0.6164572951651451 
0.5713696431236288 
0.6404569460040889 
0.5258576358918702 
0.6541680764768082 
0.5951282081554303 
0.6270962219822684 
0.6478365394226608 
0.6117779256601351 
0.6085396058196912 
0.5636504540977736 
0.6060746843175117 
0.617539928102902 
0.6252913857007116 
0.6273402698992492 
0.6435625272914449 
0.6257749401291383 
0.6330914744318572 
0.62565932007452 
0.6396051138559934 
0.6540268465809049 
0.638092135459275 
0.64483545887692 
0.6392480819453034 
0.662137371977784 
0.6397209833526578 
0.6394660500729606 
0.6799720910711371 
0.6397403950758417 
0.6659864985617635 
0.7232565149978548 
0.6494830882028324 
0.6601605083843975 
0.7004677723341065 
0.6784695341600518 
0.6409666754178834 
0.6430245782348206 
0.6913595417576947 
0.6490713388471716 
0.7775005136084738 
0.7467797861437091 
0.6531584007378803 
0.6796720888486296 
0.6930292139442482 
0.6673525150529013 
0.6485758565368691 
0.7210590141998747 
0.6478410726557717 
0.7978156983487527 
0.8481466001433127 
0.7228282352098926 
0.7014036337946646 
0.6659016656260972 
0.6572054864468686 
0.7931353972750517 
0.6550159343056439 
0.8535698697813968 
0.7521560686127315 
0.6892272536363748 
0.8998449849487531 
0.7836198831550554 
0.7159367904856047 
0.6846080759953532 
0.7483804736140003 
0.664973046602711 
0.8802369722789711 
0.8234921437797201 
0.6743584523612676 
0.7059160883950214 
0.9474121337711211 
0.6945642955778233 
0.8081379825613236 
0.860991062689458 
0.7385338408119531 
0.6784668022259397 
0.77366670886011 
0.9265286287638523 
0.6883419006942625 
0.7176587345271334 
0.9016517186497813 
0.7059063520608604 
0.7685335883990735 
0.6904235620155342 
0.801963658880152 
0.8480861366886834 
0.7418343590043649 
0.6973327667935878 
0.7242080542354172 
0.8848544175566107 
0.7801687810389444 
0.7193926739346785 
0.7585503122148678 
0.7086822836773731 
0.7910713026298367 
0.7024765259996159 
0.753973551547018 
0.7366225578645561 
0.6681906781334987 
0.7793797684301633 
0.7665691266122908 
0.7219299019077972 
0.745687390540869 
0.751148087523903 
0.7120483909437224 
0.7097482018039174 
0.6805572374153576 
0.7123192585674641 
0.604791980693575 
0.7259737541106193 
0.7313954486103947 
0.530075520588302 
0.7282380958965929 
0.6696567132929887 
0.7116150386470146 
0.5629537899639481 
0.7130637699149659 
0.6867998216870173 
0.6186019686752552 
0.7184644535631716 
0.7061854392469031 
0.645875658547862 
0.7203613180915533 
0.5592020458896242 
0.6773455889184603 
0.6046746564260365 
0.6313846636832318 
0.6567061982701785 
0.7117980221744694 
0.701467967017426 
0.712157787402646 
0.7102004491358825 
0.684468491880083 
0.7111824531672722 
0.6422084363262278 
0.6808965514858406 
0.6974395892168351 
0.6321284664439583 
0.6667591837991758 
0.7023146242572809 
0.6155721302157742 
0.7069784788330484 
0.7059701090861958 
0.6523904436083858 
0.6855146259415364 
0.6463677066896104 
0.6729633213073899 
0.6974620141300037 
0.6559153047840255 
0.6996485923815404 
0.6992290388789342 
0.687990221449486 
0.6408904938179983 
0.6778297336669369 
0.6637365687745623 
0.6340276513019534 
0.6587069559937668 
0.676833136512488 
0.6532478794595562 
0.6931108511899692 
0.6508273102821498 
0.6882549830881993 
0.6441908396597691 
0.6938036229632761 
0.6690410987279215 
0.6803283196528089 
0.6627549576368837 
0.6435210703651822 
0.6862055860399296 
0.6638554570778855 
0.6517564720784722 
0.6785569948984124 
0.6593971257584552 
0.672176963193066 
0.6871233740914078 
0.6666105541872961 
0.6804453450342155 
0.6564822033076732 
0.6626894750190926 
0.6804897544144675 
0.6732509828238251 
0.6555393667777988 
0.6694394130317892 
0.6665494411908947 
0.6518839942880041 
0.680420988055873 
0.6759704662957902 
0.6588302410645641 
0.6570058297601581 
0.6770351883398027 
0.6601251490987521 
0.674334147304854 
0.6709307097320084 
0.6623809195683942 
0.6664798261969205 
0.6757911694653638 
0.6542428893813986 
0.6562815155103306 
0.657589943829312 
0.6509364402239127 
0.6657421807002197 
0.6711618265353714 
0.652535332745276 
0.6679125348537113 
0.6590833791481097 
0.6553343634292015 
0.669703865550947 
0.6526865096709533 
0.6493687440021854 
0.6612258057842353 
0.6499858250758402 
0.6457922737869138 
0.6577394260306415 
0.6516419120499102 
0.6468102500060452 
0.6600870574218155 
0.6614856737313929 
0.6530189955148341 
0.6453149242553061 
0.6619610414067267 
0.6473963197549154 
0.6477828352552908 
0.6438114793313015 
0.6443545117626539 
0.6448529914548142 
0.6452366999586177 
0.6471244738566398 
0.6494053258456702 
0.6520251839013893 
0.6536994443525769 
0.6551012617950658 
