74
0.53258892365 0.236241958846 0.119044731039 
0.119044731039 0.236241958846 0.112124386465 
0.112124386465 0.236241958846 0.53258892365 
0.490895346761 0.0249540220672 0.369612644856 
0.369612644856 0.0249540220672 0.114537986316 
0.114537986316 0.0249540220672 0.490895346761 
0.0307019608707 0.811477229498 0.0311813187522 
0.0311813187522 0.811477229498 0.126639490879 
0.126639490879 0.811477229498 0.0307019608707 
0.329984187563 0.0324034637009 0.0173540474458 
0.0173540474458 0.0324034637009 0.62025830129 
0.62025830129 0.0324034637009 0.329984187563 
0.298635089789 0.12855639236 0.119322593492 
0.119322593492 0.12855639236 0.453485924359 
0.453485924359 0.12855639236 0.298635089789 
0.417476251871 0.161337142171 0.0168095914697 
0.0168095914696 0.161337142171 0.404377014488 
0.404377014488 0.161337142171 0.417476251871 
0.0351895822688 0.0330735998255 0.151164572081 
0.151164572082 0.0330735998256 0.780572245824 
0.780572245824 0.0330735998256 0.0351895822688 
0.0230972587756 0.173360859274 0.16961384756 
0.16961384756 0.173360859274 0.63392803439 
0.63392803439 0.173360859274 0.0230972587755 
0.177018351019 0.165053055346 0.0243410283203 
0.0243410283203 0.165053055346 0.633587565314 
0.633587565314 0.165053055347 0.177018351019 
0.351030926662 0.0326605800533 0.586014555527 
0.586014555527 0.0326605800533 0.0302939377577 
0.0302939377577 0.0326605800533 0.351030926662 
0.328345521474 0.303026128942 0.0666264422574 
0.0666264422574 0.303026128942 0.302001907327 
0.302001907327 0.303026128942 0.328345521474 
0.0126764316486 0.409075224012 0.16454721589 
0.16454721589 0.409075224012 0.41370112845 
0.413701128449 0.409075224012 0.0126764316485 
0.339513062621 0.411092657495 0.128681168248 
0.128681168248 0.411092657495 0.120713111636 
0.120713111636 0.411092657495 0.339513062621 
0.0830249468822 0.038496781869 0.728209480997 
0.728209480997 0.038496781869 0.150268790252 
0.150268790252 0.038496781869 0.0830249468822 
0.132467010745 0.107446461585 0.244169711056 
0.244169711056 0.107446461585 0.515916816614 
0.515916816614 0.107446461585 0.132467010745 
0.412600836179 0.397904362186 0.177214373073 
0.177214373073 0.397904362186 0.0122804285625 
0.0122804285624 0.397904362186 0.412600836179 
0.814902282941 0.119376795136 0.0335156355054 
0.0335156355054 0.119376795136 0.0322052864177 
0.0322052864177 0.119376795136 0.814902282941 
0.0293551168604 0.620841510436 0.174003765455 
0.174003765455 0.620841510436 0.175799607249 
0.175799607249 0.620841510436 0.0293551168604 
0.599273801139 0.336597526383 0.0329840599877 
0.0329840599877 0.336597526383 0.0311446124901 
0.0311446124901 0.336597526383 0.59927380114 
0.0357390844115 0.592532870171 0.0337791255911 
0.0337791255911 0.592532870171 0.337948919827 
0.337948919826 0.592532870171 0.0357390844115 
0.18076024957 0.00743879573117 0.252140865843 
0.252140865843 0.0074387957312 0.559660088855 
0.559660088856 0.00743879573121 0.18076024957 
0.00666708044835 0.0080675055619 0.0385455656974 
0.0385455656974 0.00806750556178 0.946719848292 
0.946719848292 0.00806750556217 0.00666708044849 
0.103593660248 0.0185543150543 0.00382689193317 
0.00382689193304 0.0185543150543 0.874025132765 
0.874025132765 0.0185543150544 0.103593660247 
0.257071980763 0.228784057712 0.257071980763 
0.00484488952757 0.985465331417 0.00484488952792 
0.166959769318 0.499120692048 0.166959769317 
0.318206200821 0.0453813975386 0.31820620082 
0.133659949533 0.599020151403 0.133659949532 
0.00344509888934
0.00344509888934
0.00344509888934
0.00206466077766
0.00206466077766
0.00206466077766
0.00110339098375
0.00110339098375
0.00110339098375
0.00102319237331
0.00102319237331
0.0010231923733
0.00423451264186
0.00423451264186
0.00423451264186
0.00209468598438
0.00209468598437
0.00209468598437
0.0011641601675
0.0011641601675
0.0011641601675
0.00219141969444
0.00219141969444
0.00219141969444
0.00228445078029
0.00228445078029
0.00228445078029
0.00152299665603
0.00152299665603
0.00152299665603
0.00447115747295
0.00447115747295
0.00447115747295
0.00187369855848
0.00187369855848
0.00187369855848
0.00468209374249
0.00468209374249
0.00468209374249
0.00208391316672
0.00208391316671
0.00208391316672
0.00455388319916
0.00455388319916
0.00455388319916
0.00196949386482
0.00196949386483
0.00196949386482
0.00119146190911
0.00119146190911
0.00119146190911
0.00277740490918
0.00277740490918
0.00277740490918
0.00169583101522
0.00169583101523
0.00169583101522
0.0018987030975
0.0018987030975
0.0018987030975
0.00136867455414
0.00136867455414
0.00136867455414
0.000131683185791
0.000131683185792
0.000131683185793
0.000282094306526
0.000282094306525
0.000282094306524
0.0077630869974
6.36527193832e-05
0.00195918431534
0.00465192794804
0.00190282889458
