95
0.116023081854 0.135592364575 0.0195113040854 
0.0195113040855 0.135592364575 0.728873249485 
0.728873249484 0.135592364576 0.116023081854 
0.00762104076479 0.506837355764 0.0121488771892 
0.0121488771893 0.506837355764 0.473392726282 
0.473392726283 0.506837355764 0.00762104076408 
0.363347525697 0.280802863731 0.338960970383 
0.338960970382 0.28080286373 0.0168886401898 
0.0168886401897 0.28080286373 0.363347525698 
0.0173048958376 0.157779396732 0.144054962296 
0.144054962296 0.157779396732 0.680860745134 
0.680860745135 0.157779396732 0.0173048958375 
0.142994640167 0.144348866503 0.238474364684 
0.238474364685 0.144348866503 0.474182128646 
0.474182128646 0.144348866504 0.142994640166 
0.0177983897924 0.145295910886 0.025706717879 
0.025706717879 0.145295910886 0.811198981443 
0.811198981442 0.145295910886 0.0177983897923 
0.0295177425033 0.296998009659 0.17898218571 
0.17898218571 0.296998009659 0.494502062127 
0.494502062127 0.296998009661 0.0295177425035 
0.268993301708 0.02218921323 0.15246561563 
0.15246561563 0.02218921323 0.556351869431 
0.556351869431 0.0221892132301 0.268993301709 
0.0272384438972 0.822137157905 0.0292861989643 
0.0292861989642 0.822137157905 0.121338199234 
0.121338199237 0.822137157901 0.0272384438975 
0.544675004555 0.227882722511 0.197839547067 
0.197839547066 0.227882722511 0.0296027258671 
0.029602725867 0.227882722511 0.544675004556 
0.0118674337484 0.0334920286219 0.12629940649 
0.12629940649 0.0334920286219 0.828341131139 
0.828341131139 0.0334920286219 0.0118674337485 
0.0322988133183 0.132050066272 0.337169070078 
0.337169070078 0.132050066272 0.498482050332 
0.498482050333 0.132050066272 0.0322988133183 
0.556669403477 0.0774013887212 0.346505372651 
0.346505372651 0.077401388721 0.0194238351515 
0.0194238351516 0.0774013887207 0.556669403477 
0.0932838602528 0.011875747413 0.157324566243 
0.157324566243 0.011875747413 0.73751582609 
0.73751582609 0.0118757474137 0.0932838602532 
0.0338895066708 0.65752455176 0.0284194970236 
0.0284194970236 0.65752455176 0.280166444545 
0.280166444549 0.657524551757 0.0338895066708 
0.310774423669 0.260990145114 0.300689803855 
0.300689803854 0.260990145114 0.127545627361 
0.127545627361 0.260990145114 0.31077442367 
0.286494911378 0.110820332472 0.111596703533 
0.111596703533 0.110820332472 0.491088052618 
0.491088052618 0.110820332472 0.286494911377 
0.125536113167 0.299470385376 0.114882196782 
0.114882196782 0.299470385376 0.460111304675 
0.460111304673 0.299470385378 0.125536113168 
0.250053241237 0.458580906651 0.25076160992 
0.25076160992 0.458580906651 0.040604242191 
0.040604242191 0.45858090665 0.250053241238 
0.0234461159321 0.0326609860401 0.308573420821 
0.308573420821 0.03266098604 0.635319477207 
0.635319477207 0.0326609860399 0.0234461159321 
0.0902935356263 0.507996039114 0.0926167450233 
0.092616745023 0.507996039114 0.309093680237 
0.309093680235 0.507996039116 0.0902935356257 
0.100235474599 0.101178135309 0.120751253639 
0.120751253639 0.101178135309 0.677835136454 
0.677835136453 0.10117813531 0.100235474599 
0.154928587401 0.674956280765 0.157955042598 
0.157955042598 0.674956280765 0.0121600892353 
0.0121600892352 0.674956280764 0.154928587402 
0.138106941917 0.0327366341722 0.335460796831 
0.335460796832 0.0327366341721 0.493695627079 
0.493695627079 0.0327366341722 0.138106941917 
0.116898196693 0.45046833515 0.0100124222571 
0.0100124222571 0.45046833515 0.422621045899 
0.422621045899 0.450468335151 0.116898196694 
0.105521930421 0.482547152474 0.405858338716 
0.405858338714 0.482547152476 0.00607257838863 
0.00607257838915 0.482547152474 0.105521930421 
0.038842864625 0.0279126021221 0.026624512164 
0.026624512164 0.0279126021221 0.906620021089 
0.906620021089 0.0279126021222 0.0388428646249 
0.185161386692 0.0260784340061 0.0317045028267 
0.0317045028267 0.0260784340061 0.757055676476 
0.757055676476 0.0260784340062 0.185161386692 
0.0370774799197 0.31472491039 0.0348420237032 
0.0348420237032 0.31472491039 0.613355585987 
0.613355585986 0.314724910391 0.0370774799198 
0.528053533786 0.00412497450827 0.433689367865 
0.433689367865 0.00412497450826 0.0341321238406 
0.0341321238406 0.00412497450795 0.528053533786 
0.0217435616212 0.934769315139 0.0217435616197 
0.113969534812 0.658091395564 0.113969534812 
0.327771112724 0.0166866618276 0.327771112724 
0.296008469913 0.11197459026 0.296008469913 
0.196826864504 0.409519406486 0.196826864505 
0.00106215421723
0.00106215421723
0.00106215421723
0.000243921578397
0.000243921578398
0.000243921578387
0.0016274985905
0.00162749859051
0.00162749859049
0.00116975980437
0.00116975980437
0.00116975980437
0.00328196718211
0.0032819671821
0.00328196718213
0.000527992042631
0.000527992042631
0.000527992042634
0.00194963263902
0.00194963263903
0.00194963263905
0.00187370721299
0.00187370721298
0.00187370721299
0.000723268523271
0.000723268523269
0.000723268523287
0.00207150412472
0.00207150412473
0.00207150412472
0.000442654479885
0.000442654479889
0.000442654479887
0.00214980660578
0.00214980660578
0.00214980660578
0.00138414861403
0.00138414861403
0.00138414861403
0.000857082947889
0.000857082947891
0.000857082947912
0.00105566299699
0.00105566299699
0.00105566299697
0.00459738038343
0.00459738038343
0.00459738038343
0.00334172523822
0.00334172523821
0.00334172523821
0.00360818712021
0.00360818712021
0.00360818712022
0.00289288771536
0.00289288771535
0.00289288771535
0.00101286812825
0.00101286812825
0.00101286812825
0.00290180565868
0.00290180565868
0.00290180565867
0.00253409922583
0.00253409922583
0.00253409922583
0.0012002940735
0.0012002940735
0.0012002940735
0.00259712047122
0.00259712047121
0.00259712047122
0.00120425712626
0.00120425712626
0.00120425712625
0.000852258543365
0.00085225854334
0.000852258543363
0.000465627489654
0.000465627489653
0.000465627489655
0.00101284225059
0.00101284225059
0.0010128422506
0.00150515576819
0.0015051557682
0.0015051557682
0.000545054359464
0.000545054359464
0.000545054359457
0.000185205077648
0.00299937125249
0.00193958466404
0.0049607655521
0.00450476478427
