122
0.431274828112 0.0108332023129 0.0354204182202 
0.0354204182202 0.0108332023129 0.522471551355 
0.522471551355 0.0108332023128 0.431274828112 
0.0288780033877 0.247431243636 0.621521183882 
0.621521183882 0.247431243636 0.102169569094 
0.102169569094 0.247431243636 0.0288780033877 
0.089552509107 0.364760249193 0.134993927609 
0.134993927609 0.364760249193 0.41069331409 
0.41069331409 0.364760249193 0.089552509107 
0.260055987363 0.061934177979 0.601442050449 
0.601442050449 0.061934177979 0.0765677842093 
0.0765677842093 0.061934177979 0.260055987363 
0.259903154086 0.233453931951 0.3918753972 
0.3918753972 0.233453931951 0.114767516763 
0.114767516763 0.233453931951 0.259903154086 
0.305060966577 0.0264703515098 0.0133890508831 
0.0133890508831 0.0264703515098 0.65507963103 
0.65507963103 0.0264703515098 0.305060966577 
0.0799434865872 0.197260085334 0.120647881443 
0.120647881443 0.197260085334 0.602148546636 
0.602148546636 0.197260085334 0.0799434865872 
0.0201343353228 0.315572302857 0.118342900821 
0.118342900821 0.315572302857 0.545950460999 
0.545950460999 0.315572302857 0.0201343353228 
0.233792173058 0.269781924983 0.0153832696897 
0.0153832696897 0.269781924983 0.48104263227 
0.48104263227 0.269781924983 0.233792173058 
0.220841759313 0.45145994951 0.227448536805 
0.227448536805 0.45145994951 0.100249754372 
0.100249754372 0.45145994951 0.220841759313 
0.130127094762 0.127383168726 0.316361762256 
0.316361762256 0.127383168726 0.426127974256 
0.426127974256 0.127383168726 0.130127094762 
0.128036327679 0.080261017893 0.717076603101 
0.717076603101 0.0802610178929 0.0746260513272 
0.0746260513272 0.0802610178929 0.128036327679 
0.0591969943784 0.0176569601908 0.0711609964815 
0.0711609964815 0.0176569601908 0.851985048949 
0.851985048949 0.0176569601908 0.0591969943784 
0.0856815735302 0.426828186751 0.0233291789134 
0.0233291789134 0.426828186751 0.464161060805 
0.464161060805 0.426828186751 0.0856815735302 
0.232417998956 0.697518900952 0.00882761264703 
0.00882761264704 0.697518900952 0.0612354874442 
0.0612354874442 0.697518900952 0.232417998956 
0.185900408684 0.502598623355 0.0192527036506 
0.0192527036506 0.502598623355 0.292248264311 
0.292248264311 0.502598623355 0.185900408684 
0.0243599100699 0.85251447165 0.0985104014603 
0.0985104014603 0.85251447165 0.0246152168196 
0.0246152168196 0.85251447165 0.0243599100699 
0.404502368563 0.291823515567 0.20891149684 
0.20891149684 0.291823515567 0.094762619029 
0.094762619029 0.291823515567 0.404502368563 
0.0620182193027 0.561713963721 0.0800450218886 
0.0800450218886 0.561713963721 0.296222795088 
0.296222795088 0.561713963721 0.0620182193027 
0.00917208007007 0.485862460739 0.16243346124 
0.16243346124 0.485862460739 0.34253199795 
0.34253199795 0.485862460739 0.00917208007007 
0.0236276413144 0.264381081507 0.0178513046492 
0.0178513046492 0.264381081507 0.69413997253 
0.69413997253 0.264381081507 0.0236276413144 
0.297290155317 0.297442217416 0.380336063226 
0.380336063226 0.297442217416 0.0249315640403 
0.0249315640403 0.297442217416 0.297290155317 
0.56066588377 0.150162560128 0.0182813521732 
0.0182813521732 0.150162560128 0.270890203929 
0.270890203929 0.150162560128 0.56066588377 
0.574872758914 0.0304912794862 0.0175295621826 
0.0175295621826 0.0304912794862 0.377106399418 
0.377106399418 0.0304912794862 0.574872758914 
0.483342697532 0.476493674683 0.0102060736551 
0.0102060736551 0.476493674683 0.0299575541296 
0.0299575541296 0.476493674683 0.483342697532 
0.526759566994 0.0254247651161 0.211437634551 
0.211437634551 0.0254247651161 0.236378033338 
0.236378033338 0.0254247651161 0.526759566994 
0.00457955574288 0.0179058660074 0.022896093383 
0.022896093383 0.0179058660074 0.954618484867 
0.954618484867 0.0179058660074 0.00457955574288 
0.0256118593511 0.115447871299 0.695609314722 
0.695609314722 0.115447871299 0.163330954627 
0.163330954627 0.115447871299 0.0256118593511 
0.402881624628 0.0261995607563 0.12460329635 
0.12460329635 0.0261995607563 0.446315518265 
0.446315518265 0.0261995607563 0.402881624628 
0.231647695217 0.126623713234 0.134179986428 
0.134179986428 0.126623713234 0.50754860512 
0.50754860512 0.126623713234 0.231647695217 
0.0343858276593 0.0990866132623 0.023495013 
0.023495013 0.0990866132623 0.843032546078 
0.843032546078 0.0990866132623 0.0343858276593 
0.0274200248677 0.701648904119 0.152613913471 
0.152613913471 0.701648904119 0.118317157543 
0.118317157543 0.701648904119 0.0274200248677 
0.68983951037 0.0240810955367 0.202954237981 
0.202954237981 0.0240810955367 0.0831251561121 
0.0831251561121 0.0240810955367 0.68983951037 
0.367009893737 0.115124444382 0.028755847154 
0.028755847154 0.115124444382 0.489109814727 
0.489109814727 0.115124444382 0.367009893737 
0.00430783216071 0.152343720516 0.0991099396599 
0.0991099396599 0.152343720516 0.744238507663 
0.744238507663 0.152343720516 0.00430783216071 
0.117645344816 0.0198161779596 0.00363403803988 
0.00363403803988 0.0198161779596 0.858904439185 
0.858904439185 0.0198161779596 0.117645344816 
0.00355709537727 0.0330547791776 0.169399275533 
0.169399275533 0.0330547791776 0.793988849912 
0.793988849912 0.0330547791776 0.00355709537727 
0.290641762237 0.672266868777 0.0349004565876 
0.0349004565876 0.672266868777 0.00219091239834 
0.00219091239834 0.672266868777 0.290641762237 
0.0728291271169 0.000524571221017 0.234144884074 
0.234144884074 0.000524571221016 0.692501417588 
0.692501417588 0.000524571221015 0.0728291271169 
0.117684339715 0.646946980856 0.117684339715 
0.00533607701965 0.983991768941 0.00533607701965 
0.332496959977 0.00250912007007 0.332496959977 
0.305329584336 0.0840112469918 0.305329584336 
0.248212371556 0.255362885331 0.248212371556 
0.000347716882207
0.000347716882207
0.000347716882207
0.00104984618571
0.00104984618571
0.00104984618571
0.00218990865476
0.00218990865476
0.00218990865476
0.00143062584229
0.00143062584229
0.00143062584229
0.00258777979011
0.00258777979011
0.00258777979011
0.000469393081122
0.000469393081122
0.000469393081122
0.00198133086527
0.00198133086527
0.00198133086527
0.00122967281632
0.00122967281632
0.00122967281632
0.00130117266131
0.00130117266131
0.00130117266131
0.00325142680513
0.00325142680513
0.00325142680513
0.00281807848122
0.00281807848122
0.00281807848122
0.00144812622512
0.00144812622512
0.00144812622512
0.000521121787571
0.000521121787571
0.000521121787571
0.00128605263862
0.00128605263862
0.00128605263862
0.000525662267089
0.000525662267089
0.000525662267089
0.00152013101812
0.00152013101812
0.00152013101812
0.000527197863853
0.000527197863853
0.000527197863853
0.00313056307282
0.00313056307282
0.00313056307282
0.00192529672408
0.00192529672408
0.00192529672408
0.000888715359063
0.000888715359063
0.000888715359063
0.000556604527949
0.00055660452795
0.00055660452795
0.00195063892675
0.00195063892675
0.00195063892675
0.00140308713418
0.00140308713418
0.00140308713418
0.000700869070648
0.000700869070648
0.000700869070649
0.000536930072548
0.000536930072548
0.000536930072548
0.00185664679543
0.00185664679543
0.00185664679543
8.42904799401e-05
8.429047994e-05
8.429047994e-05
0.00138596805892
0.00138596805892
0.00138596805892
0.00190993338236
0.00190993338236
0.00190993338236
0.00365870685474
0.00365870685474
0.00365870685474
0.000612956946352
0.000612956946352
0.000612956946352
0.00133343267068
0.00133343267068
0.00133343267068
0.00130775142573
0.00130775142573
0.00130775142573
0.0020261229364
0.0020261229364
0.0020261229364
0.000472666485488
0.000472666485488
0.000472666485488
0.000214909345362
0.000214909345362
0.000214909345362
0.000349388969418
0.000349388969418
0.000349388969418
0.00036951072813
0.00036951072813
0.00036951072813
0.000435807242935
0.000435807242935
0.000435807242935
0.00185099751222
3.33666570393e-05
0.000823825906947
0.00425285880022
0.004917494563
