146
0.0133714289436 0.107457129744 0.0611452791182 
0.0611452791183 0.107457129744 0.818026162194 
0.818026162194 0.107457129744 0.0133714289436 
0.082914520433 0.464132108954 0.0528554409834 
0.0528554409834 0.464132108954 0.40009792963 
0.40009792963 0.464132108954 0.0829145204329 
0.0306708675761 0.416442127799 0.0659691117072 
0.0659691117072 0.416442127799 0.486917892917 
0.486917892918 0.416442127799 0.0306708675761 
0.0518298141537 0.0127590379001 0.767183522243 
0.767183522243 0.0127590379001 0.168227625704 
0.168227625704 0.0127590379001 0.0518298141536 
0.484774657159 0.0183305707876 0.481064137703 
0.481064137703 0.0183305707876 0.0158306343509 
0.0158306343509 0.0183305707876 0.484774657159 
0.370442555958 0.0106815230636 0.406434161712 
0.406434161712 0.0106815230636 0.212441759267 
0.212441759267 0.0106815230636 0.370442555958 
0.287470635893 0.385617293715 0.309086009491 
0.309086009491 0.385617293715 0.0178260609008 
0.0178260609008 0.385617293715 0.287470635893 
0.00960895234836 0.217347346264 0.500966259845 
0.500966259845 0.217347346264 0.272077441543 
0.272077441543 0.217347346264 0.00960895234835 
0.0788509969514 0.166342165294 0.221479106834 
0.221479106834 0.166342165294 0.53332773092 
0.53332773092 0.166342165294 0.0788509969514 
0.780025722473 0.0414431673398 0.0181502460917 
0.0181502460917 0.0414431673398 0.160380864096 
0.160380864096 0.0414431673398 0.780025722473 
0.276668775818 0.402000548241 0.218899797018 
0.218899797018 0.402000548241 0.102430878923 
0.102430878923 0.402000548241 0.276668775818 
0.0175623092363 0.341432014867 0.159034223466 
0.159034223466 0.341432014867 0.481971452431 
0.481971452431 0.341432014867 0.0175623092363 
0.0122725481673 0.173645669158 0.1520983652 
0.1520983652 0.173645669158 0.661983417474 
0.661983417474 0.173645669158 0.0122725481673 
0.54381353389 0.196086175513 0.182781641753 
0.182781641753 0.196086175513 0.0773186488433 
0.0773186488433 0.196086175513 0.54381353389 
0.0863975719065 0.0721728979422 0.0618074372543 
0.0618074372543 0.0721728979422 0.779622092897 
0.779622092897 0.0721728979421 0.0863975719064 
0.00891301236247 0.030236874511 0.0195689637742 
0.0195689637742 0.030236874511 0.941281149352 
0.941281149352 0.030236874511 0.00891301236249 
0.0289043635248 0.357082484218 0.440432916412 
0.440432916412 0.357082484218 0.173580235845 
0.173580235845 0.357082484218 0.0289043635249 
0.0227008501118 0.865817656785 0.0211296596994 
0.0211296596994 0.865817656785 0.0903518334036 
0.0903518334035 0.865817656785 0.0227008501118 
0.0214883127021 0.2127349092 0.320607298865 
0.320607298865 0.2127349092 0.445169479233 
0.445169479233 0.2127349092 0.0214883127021 
0.617486648325 0.0719578452271 0.230317005286 
0.230317005286 0.0719578452271 0.0802385011623 
0.0802385011623 0.0719578452271 0.617486648325 
0.0945288121976 0.0706560126463 0.175177675201 
0.175177675201 0.0706560126463 0.659637499955 
0.659637499955 0.0706560126462 0.0945288121975 
0.691284914661 0.00589668853656 0.0207245292612 
0.0207245292612 0.00589668853655 0.282093867542 
0.282093867542 0.00589668853654 0.69128491466 
0.017577541941 0.0808011880664 0.317069028057 
0.317069028057 0.0808011880664 0.584552241936 
0.584552241936 0.0808011880665 0.017577541941 
0.358943001077 0.230580859445 0.313841521343 
0.313841521343 0.230580859445 0.0966346181354 
0.0966346181354 0.230580859445 0.358943001077 
0.0890256669907 0.025254850395 0.338604216263 
0.338604216263 0.025254850395 0.547115266351 
0.547115266351 0.025254850395 0.0890256669907 
0.349775871867 0.0100132749524 0.0790253890181 
0.0790253890181 0.0100132749524 0.561185464162 
0.561185464162 0.0100132749524 0.349775871867 
0.0336131453302 0.00841215865842 0.0791559491754 
0.0791559491754 0.00841215865841 0.878818746836 
0.878818746836 0.00841215865839 0.0336131453303 
0.0314518100477 0.146520459061 0.0111550657463 
0.0111550657464 0.146520459061 0.810872665145 
0.810872665145 0.146520459061 0.0314518100477 
0.156191534163 0.128232413503 0.012015910518 
0.012015910518 0.128232413503 0.703560141817 
0.703560141817 0.128232413503 0.156191534163 
0.236242305862 0.0306611166321 0.200960600674 
0.200960600674 0.0306611166321 0.532135976831 
0.532135976832 0.0306611166321 0.236242305862 
0.390929607439 0.0875638865525 0.398757443141 
0.398757443141 0.0875638865525 0.122749062867 
0.122749062867 0.0875638865525 0.390929607439 
0.077637920768 0.305895247233 0.00957136469832 
0.00957136469832 0.305895247233 0.606895467301 
0.606895467301 0.305895247233 0.077637920768 
0.164569131215 0.538551546842 0.261419807868 
0.261419807868 0.538551546842 0.035459514075 
0.035459514075 0.538551546842 0.164569131215 
0.065417668908 0.220672862896 0.0754347492131 
0.0754347492131 0.220672862896 0.638474718983 
0.638474718983 0.220672862896 0.065417668908 
0.100319853633 0.590605933231 0.0656606508949 
0.065660650895 0.590605933231 0.243413562241 
0.243413562241 0.590605933231 0.100319853633 
0.0814557826086 0.0254490039036 0.00860314526299 
0.00860314526298 0.0254490039036 0.884492068225 
0.884492068225 0.0254490039036 0.0814557826086 
0.505432376991 0.0969018715632 0.3710934106 
0.3710934106 0.0969018715631 0.026572340846 
0.026572340846 0.0969018715631 0.505432376991 
0.117142028396 0.737075571829 0.130625241528 
0.130625241528 0.737075571829 0.0151571582475 
0.0151571582475 0.737075571829 0.117142028395 
0.1108495023 0.326319710535 0.162617992203 
0.162617992203 0.326319710535 0.400212794962 
0.400212794962 0.326319710536 0.1108495023 
0.024774296906 0.521328780954 0.00748222217741 
0.00748222217739 0.521328780954 0.446414699963 
0.446414699963 0.521328780954 0.024774296906 
0.20692236263 0.140434894084 0.210837154405 
0.210837154405 0.140434894084 0.44180558888 
0.44180558888 0.140434894084 0.20692236263 
0.00741446097726 0.0282138124055 0.695528874849 
0.695528874849 0.0282138124055 0.268842851768 
0.268842851768 0.0282138124055 0.00741446097724 
0.0271249110342 0.714803025663 0.0221639380279 
0.0221639380279 0.714803025663 0.235908125275 
0.235908125275 0.714803025663 0.0271249110342 
0.00259416526519 0.579768534585 0.0758442259177 
0.0758442259177 0.579768534585 0.341793074232 
0.341793074232 0.579768534585 0.00259416526522 
0.120828704769 0.00291446664139 0.167613719666 
0.167613719666 0.00291446664141 0.708643108924 
0.708643108923 0.00291446664136 0.120828704769 
0.00423850950552 0.305906419354 0.0292425667228 
0.0292425667228 0.305906419354 0.660612504418 
0.660612504418 0.305906419354 0.00423850950553 
0.137450394797 0.560869397778 0.00103043797736 
0.00103043797738 0.560869397778 0.300649769448 
0.300649769448 0.560869397778 0.137450394797 
0.095117000729 0.714648997813 0.0951170007289 
0.0103451072565 0.96896467823 0.0103451072566 
0.309555018343 0.0713349449708 0.309555018343 
0.166863287042 0.499410138875 0.166863287042 
0.25055888694 0.248323339181 0.25055888694 
0.00035512259073
0.00035512259073
0.00035512259073
0.00117787438828
0.00117787438828
0.00117787438827
0.000814475858472
0.00081447585847
0.00081447585847
0.000453023783873
0.000453023783872
0.000453023783872
0.000415435229692
0.000415435229692
0.000415435229692
0.0009317064412
0.000931706441201
0.000931706441201
0.00126388507719
0.00126388507719
0.00126388507719
0.000793454804453
0.000793454804453
0.000793454804453
0.00191045836472
0.00191045836472
0.00191045836472
0.000518357357495
0.000518357357495
0.000518357357495
0.00257113625208
0.00257113625208
0.00257113625208
0.00112777042363
0.00112777042363
0.00112777042363
0.000773104946958
0.000773104946957
0.000773104946958
0.00212744665688
0.00212744665688
0.00212744665688
0.000921279112411
0.00092127911241
0.00092127911241
0.000108415327037
0.000108415327037
0.000108415327038
0.00152355843901
0.00152355843901
0.00152355843901
0.000371173748023
0.000371173748023
0.000371173748022
0.00138249522389
0.00138249522389
0.00138249522389
0.00155338808946
0.00155338808946
0.00155338808946
0.00157856195345
0.00157856195345
0.00157856195345
0.000238534691572
0.000238534691572
0.000238534691572
0.0009388009004
0.000938800900399
0.000938800900399
0.00296168855545
0.00296168855545
0.00296168855545
0.00115585785732
0.00115585785732
0.00115585785732
0.000690462196069
0.00069046219607
0.000690462196069
0.000223475257979
0.000223475257978
0.000223475257978
0.000348065102025
0.000348065102025
0.000348065102025
0.0007517374405
0.0007517374405
0.000751737440499
0.0016802161393
0.0016802161393
0.0016802161393
0.00256011618791
0.00256011618792
0.00256011618792
0.000655090858734
0.000655090858734
0.000655090858734
0.0018087386128
0.0018087386128
0.0018087386128
0.00160977886829
0.00160977886829
0.00160977886829
0.0017764529129
0.00177645291291
0.00177645291291
0.000215162492826
0.000215162492826
0.000215162492826
0.00130986012194
0.00130986012194
0.00130986012194
0.00080026204637
0.000800262046369
0.00080026204637
0.00330336656821
0.00330336656821
0.00330336656821
0.000369144565833
0.000369144565833
0.000369144565833
0.00311676099511
0.00311676099511
0.00311676099511
0.000356083950804
0.000356083950804
0.000356083950804
0.00066192352982
0.00066192352982
0.00066192352982
0.000402131228691
0.000402131228692
0.000402131228692
0.000426698597925
0.000426698597926
0.000426698597925
0.000336131664248
0.000336131664248
0.000336131664248
0.000534172706194
0.000534172706194
0.000534172706193
0.00143856507985
4.13432445861e-05
0.00283428043725
0.00234002278062
0.0043039407699
