177
0.0716238048008 0.0661407842999 0.646866088385 
0.646866088385 0.0661407842993 0.215369322516 
0.215369322515 0.0661407842993 0.0716238048011 
0.240326325974 0.105036530906 0.57063402439 
0.57063402439 0.105036530908 0.0840031187302 
0.0840031187299 0.105036530907 0.240326325973 
0.0145553762631 0.243111580835 0.0203255450615 
0.0203255450614 0.243111580836 0.72200749784 
0.72200749784 0.243111580835 0.0145553762631 
0.012529059808 0.121940646122 0.315770730849 
0.31577073085 0.121940646122 0.54975956322 
0.549759563219 0.121940646122 0.0125290598081 
0.384562096865 0.0129463331518 0.0849780442659 
0.0849780442657 0.0129463331519 0.517513525718 
0.517513525718 0.0129463331516 0.384562096865 
0.358544527164 0.346556326285 0.127146676269 
0.12714667627 0.346556326284 0.167752470282 
0.167752470283 0.346556326284 0.358544527164 
0.224732675519 0.0169926270657 0.104886678549 
0.104886678549 0.016992627066 0.653388018867 
0.653388018867 0.0169926270658 0.224732675518 
0.0892356846876 0.0928171540005 0.511542386533 
0.511542386533 0.0928171539998 0.306404774779 
0.306404774779 0.0928171540004 0.0892356846883 
0.0072943553813 0.245376315223 0.20684956133 
0.20684956133 0.245376315222 0.540479768067 
0.540479768065 0.245376315222 0.00729435538137 
0.0973720336353 0.492908872136 0.100734401411 
0.100734401412 0.492908872133 0.308984692819 
0.308984692818 0.492908872137 0.0973720336347 
0.399013906227 0.582903743612 0.00883498654288 
0.00883498654302 0.582903743614 0.00924736361791 
0.0092473636182 0.582903743617 0.399013906222 
0.0215208255346 0.37912080846 0.0160803500127 
0.0160803500127 0.379120808464 0.583278015988 
0.583278015994 0.379120808459 0.0215208255344 
0.0688331739589 0.0144676216405 0.0177341438621 
0.0177341438622 0.0144676216406 0.898965060539 
0.898965060539 0.0144676216402 0.0688331739588 
0.00274762397162 0.276455708804 0.336150963617 
0.336150963617 0.276455708804 0.384645703608 
0.384645703605 0.276455708806 0.00274762397107 
0.530397783966 0.00856896690511 0.233676862251 
0.233676862251 0.00856896690514 0.227356386878 
0.227356386877 0.0085689669052 0.530397783967 
0.473082394579 0.0723615512045 0.0783742405256 
0.0783742405257 0.0723615512047 0.376181813691 
0.376181813693 0.0723615512049 0.473082394577 
0.552218210435 0.00493132522607 0.0919904678934 
0.0919904678937 0.00493132522643 0.350859996446 
0.350859996445 0.00493132522695 0.552218210435 
0.661298203678 0.0960128293408 0.229277802334 
0.229277802334 0.0960128293407 0.0134111646472 
0.0134111646471 0.0960128293404 0.661298203678 
0.0222896364443 0.124280339122 0.0190461338563 
0.0190461338563 0.124280339121 0.834383890578 
0.834383890576 0.124280339123 0.0222896364444 
0.00766750793954 0.430441339819 0.300631482745 
0.300631482745 0.43044133982 0.261259669496 
0.261259669495 0.43044133982 0.00766750793973 
0.216006544346 0.214511628109 0.507177780766 
0.507177780765 0.21451162811 0.0623040467788 
0.0623040467788 0.21451162811 0.216006544346 
0.394299156898 0.114533594129 0.0172413940579 
0.0172413940579 0.114533594129 0.473925854913 
0.473925854915 0.114533594129 0.394299156899 
0.018830992564 0.881916327467 0.0195653494079 
0.0195653494077 0.881916327469 0.0796873305598 
0.0796873305625 0.881916327465 0.018830992564 
0.0197499513462 0.075861812033 0.805811195821 
0.805811195823 0.0758618120323 0.0985770407989 
0.0985770407991 0.0758618120327 0.0197499513462 
0.0195229126277 0.0101562087926 0.199330855653 
0.199330855654 0.0101562087927 0.770990022926 
0.770990022926 0.0101562087927 0.0195229126277 
0.178343490614 0.21415536427 0.154852273121 
0.15485227312 0.214155364272 0.452648871995 
0.452648871995 0.214155364271 0.178343490614 
0.0460496575094 0.516322768209 0.396868247541 
0.396868247542 0.516322768209 0.0407593267401 
0.0407593267406 0.516322768209 0.046049657509 
0.054111261309 0.20611451727 0.534110968366 
0.534110968366 0.20611451727 0.205663253055 
0.205663253054 0.206114517271 0.054111261309 
0.650210097914 0.026421594175 0.0998351616744 
0.0998351616743 0.0264215941749 0.223533146236 
0.223533146235 0.0264215941748 0.650210097915 
0.0771453147298 0.658252879687 0.193236714332 
0.193236714328 0.658252879691 0.0713650912516 
0.0713650912512 0.65825287969 0.0771453147296 
0.019406750686 0.0754366247923 0.199003369932 
0.199003369931 0.0754366247922 0.706153254591 
0.70615325459 0.0754366247927 0.019406750686 
0.094095000643 0.0193107884934 0.0988263122392 
0.0988263122394 0.0193107884934 0.787767898624 
0.787767898624 0.0193107884934 0.0940950006428 
0.203923191201 0.0144005374204 0.020121215618 
0.020121215618 0.0144005374203 0.761555055761 
0.761555055761 0.0144005374203 0.203923191201 
0.046375777617 0.241238715358 0.362124055507 
0.362124055507 0.241238715358 0.350261451518 
0.350261451518 0.241238715357 0.0463757776166 
0.03830546711 0.386368815673 0.414321151603 
0.414321151604 0.386368815673 0.161004565613 
0.161004565614 0.386368815673 0.0383054671101 
0.285151067516 0.363985089584 0.253822588641 
0.253822588643 0.363985089582 0.0970412542596 
0.0970412542594 0.363985089583 0.285151067515 
0.101440509622 0.184304953149 0.695480338481 
0.695480338481 0.18430495315 0.0187741987475 
0.0187741987475 0.184304953149 0.101440509623 
0.675694927669 0.210284481895 0.0957885527196 
0.0957885527191 0.210284481895 0.0182320377168 
0.0182320377168 0.210284481895 0.675694927669 
0.293548850578 0.600621351467 0.0976199973854 
0.0976199973854 0.600621351468 0.00820980056988 
0.00820980056997 0.600621351467 0.293548850578 
0.503544547263 0.0790815186824 0.209696853772 
0.209696853772 0.0790815186822 0.207677080283 
0.207677080283 0.079081518683 0.503544547263 
0.382300946492 0.0225554241212 0.0167988939597 
0.0167988939597 0.0225554241212 0.578344735427 
0.578344735427 0.0225554241213 0.382300946492 
0.0193223727482 0.056383854447 0.0763883252054 
0.0763883252053 0.0563838544474 0.847905447599 
0.8479054476 0.0563838544466 0.0193223727481 
0.111455158339 0.762756409274 0.0103023526175 
0.0103023526168 0.762756409274 0.11548607977 
0.11548607977 0.762756409274 0.111455158339 
0.177547883314 0.4030241508 0.389967609158 
0.389967609156 0.4030241508 0.0294603567292 
0.0294603567292 0.4030241508 0.177547883314 
0.0382221895288 0.562855207222 0.203400409492 
0.203400409492 0.562855207221 0.195522193758 
0.195522193758 0.562855207221 0.0382221895292 
0.017482878961 0.0230457271157 0.379275631522 
0.379275631522 0.0230457271156 0.580195762401 
0.580195762401 0.0230457271156 0.0174828789609 
0.00411013141125 0.398990492863 0.505692191439 
0.505692191439 0.398990492865 0.0912071842843 
0.0912071842856 0.398990492864 0.00411013141162 
0.952659191058 0.0332996103306 0.00925235384664 
0.00925235384643 0.0332996103302 0.0047888447643 
0.00478884476393 0.03329961033 0.95265919106 
0.391993350184 0.0306082825276 0.191418178101 
0.191418178101 0.0306082825277 0.385980189188 
0.385980189187 0.0306082825276 0.391993350184 
0.0679470990326 0.303613592365 0.0805036824172 
0.0805036824169 0.303613592365 0.547935626186 
0.547935626185 0.303613592365 0.067947099033 
0.332296083385 0.164432709777 0.349465170757 
0.349465170757 0.164432709777 0.15380603608 
0.15380603608 0.164432709777 0.332296083386 
0.10151715917 0.116272488104 0.102063434962 
0.102063434962 0.116272488105 0.680146917764 
0.680146917764 0.116272488104 0.10151715917 
0.104034774509 0.602941331966 0.28742247583 
0.28742247583 0.602941331966 0.00560141769471 
0.00560141769466 0.602941331966 0.104034774509 
0.212942537146 0.743707421057 0.0212807476384 
0.0212807476384 0.743707421058 0.0220692941587 
0.0220692941589 0.74370742106 0.212942537142 
0.0132755319408 0.00201005864912 0.0614144442526 
0.0614144442528 0.00201005864981 0.923299965157 
0.923299965159 0.00201005864839 0.0132755319406 
0.0840088766143 0.386296150271 0.526455163785 
0.526455163784 0.386296150271 0.00323980933019 
0.00323980932994 0.386296150271 0.084008876614 
0.234940612488 0.247491278387 0.00192414557801 
0.00192414557826 0.247491278386 0.515643963546 
0.515643963545 0.247491278387 0.234940612489 
0.302918119329 0.0912456420123 0.302918119329 
0.00685770368146 0.979426888958 0.00685770367974 
0.165887520255 0.502337439235 0.165887520255 
0.0778159231682 0.766552230492 0.0778159231711 
0.331723952614 0.00482814215599 0.331723952615 
0.243221031942 0.270336904175 0.243221031942 
0.000720031112913
0.000720031112916
0.000720031112921
0.00111660858619
0.00111660858619
0.00111660858618
0.000259506187261
0.000259506187272
0.000259506187255
0.000613929670049
0.000613929670053
0.000613929670054
0.000579078825377
0.000579078825378
0.000579078825375
0.00184827051921
0.00184827051922
0.0018482705192
0.000645211562821
0.000645211562829
0.000645211562825
0.00142509188144
0.00142509188143
0.00142509188145
0.000505119620061
0.000505119620067
0.000505119620067
0.00151797793529
0.00151797793529
0.00151797793529
0.000167511052504
0.000167511052506
0.000167511052509
0.000344118815079
0.000344118815078
0.00034411881508
0.000166425155971
0.000166425155973
0.00016642515597
0.000335552878548
0.000335552878545
0.000335552878538
0.000633695346548
0.000633695346548
0.00063369534655
0.00136816631992
0.00136816631991
0.00136816631989
0.000339722531789
0.000339722531798
0.000339722531807
0.000634879019908
0.000634879019912
0.00063487901991
0.000289623467411
0.000289623467412
0.000289623467414
0.000658310863097
0.000658310863103
0.000658310863098
0.00174438323903
0.00174438323902
0.00174438323903
0.000904068216443
0.000904068216446
0.000904068216448
0.000262350856778
0.000262350856772
0.000262350856781
0.000511927282581
0.000511927282581
0.00051192728258
0.000251730549084
0.000251730549085
0.000251730549085
0.00250786570238
0.00250786570238
0.00250786570239
0.000954543630631
0.00095454363062
0.000954543630627
0.00167390023674
0.00167390023676
0.00167390023676
0.000910164881882
0.000910164881874
0.000910164881864
0.00122491690704
0.00122491690703
0.00122491690703
0.000680212590102
0.000680212590102
0.000680212590109
0.000604003424045
0.000604003424046
0.000604003424046
0.000327932689101
0.0003279326891
0.0003279326891
0.00191279023267
0.00191279023268
0.00191279023268
0.00160302645493
0.00160302645492
0.00160302645492
0.00245029757423
0.00245029757424
0.00245029757425
0.000807655469933
0.000807655469943
0.000807655469941
0.000821835135767
0.000821835135761
0.00082183513576
0.000577393240795
0.000577393240792
0.000577393240793
0.0022049290402
0.0022049290402
0.00220492904021
0.00047251374411
0.000472513744108
0.00047251374411
0.000436823849034
0.00043682384903
0.000436823849036
0.00052397375958
0.000523973759564
0.000523973759571
0.00152176985549
0.00152176985549
0.00152176985549
0.00154999254096
0.00154999254096
0.00154999254096
0.0005134274076
0.000513427407597
0.000513427407598
0.00037954037806
0.000379540378064
0.000379540378069
5.10403786354e-05
5.10403786342e-05
5.10403786319e-05
0.00157445661701
0.00157445661701
0.00157445661701
0.00167926569143
0.00167926569142
0.00167926569143
0.00298344565802
0.00298344565802
0.00298344565802
0.00167642837132
0.00167642837132
0.00167642837132
0.0005158371649
0.000515837164897
0.000515837164894
0.00047807585052
0.000478075850519
0.000478075850524
6.44253894863e-05
6.44253894886e-05
6.44253894829e-05
0.000376110538999
0.000376110539013
0.000376110539007
0.000434443759296
0.000434443759303
0.000434443759305
0.00248158845025
2.21050785926e-05
0.00270321173084
0.000793287232568
0.000479325475605
0.00317815971816
