214
0.267805847317 0.320387028932 0.00965372783818 
0.00965372783818 0.320387028932 0.402153395912 
0.402153395912 0.320387028932 0.267805847317 
0.267326785868 0.162728234375 0.0925331231084 
0.0925331231084 0.162728234375 0.477411856648 
0.477411856648 0.162728234375 0.267326785868 
0.255795941906 0.0113344782305 0.524411780455 
0.524411780455 0.0113344782305 0.208457799408 
0.208457799408 0.0113344782305 0.255795941906 
0.0731393403677 0.704703873882 0.0677825319519 
0.0677825319519 0.704703873882 0.154374253798 
0.154374253798 0.704703873882 0.0731393403677 
0.0476594460607 0.0750995589695 0.862122559545 
0.862122559545 0.0750995589695 0.0151184354246 
0.0151184354246 0.0750995589695 0.0476594460607 
0.235285750794 0.0116727591178 0.0103499066007 
0.0103499066007 0.0116727591178 0.742691583487 
0.742691583487 0.0116727591178 0.235285750794 
0.00882912276839 0.363125126637 0.556186161203 
0.556186161203 0.363125126637 0.071859589392 
0.071859589392 0.363125126637 0.00882912276839 
0.0484857732603 0.605341640006 0.0722736876835 
0.0722736876834 0.605341640006 0.27389889905 
0.27389889905 0.605341640006 0.0484857732603 
0.451058467949 0.0102920818969 0.524977186141 
0.524977186141 0.0102920818969 0.0136722640125 
0.0136722640125 0.0102920818969 0.451058467949 
0.00940743474103 0.498715106028 0.306207887811 
0.306207887811 0.498715106028 0.185669571421 
0.185669571421 0.498715106028 0.00940743474103 
0.00909794171229 0.605704636558 0.0133390399676 
0.0133390399676 0.605704636558 0.371858381762 
0.371858381762 0.605704636558 0.00909794171229 
0.0290441392868 0.937266061301 0.0248417529228 
0.0248417529228 0.937266061301 0.00884804648945 
0.00884804648943 0.937266061301 0.0290441392868 
0.0148809324152 0.145750781989 0.0687664451539 
0.0687664451539 0.145750781989 0.770601840442 
0.770601840442 0.145750781989 0.0148809324152 
0.0688293887796 0.232066567804 0.0323691107166 
0.0323691107166 0.232066567804 0.6667349327 
0.6667349327 0.232066567804 0.0688293887796 
0.343030573978 0.235433868754 0.33044553931 
0.33044553931 0.235433868754 0.0910900179584 
0.0910900179584 0.235433868754 0.343030573978 
0.382826132322 0.0126442918857 0.378974507004 
0.378974507004 0.0126442918857 0.225555068789 
0.225555068789 0.0126442918857 0.382826132322 
0.333784772736 0.153656889862 0.337270074146 
0.337270074146 0.153656889862 0.175288263255 
0.175288263255 0.153656889862 0.333784772736 
0.423660805665 0.189701660182 0.370614454519 
0.370614454519 0.189701660182 0.016023079634 
0.016023079634 0.189701660182 0.423660805665 
0.128608112154 0.506936134633 0.0620688266888 
0.0620688266888 0.506936134633 0.302386926525 
0.302386926525 0.506936134633 0.128608112154 
0.0137104510586 0.354024102364 0.180445344165 
0.180445344165 0.354024102364 0.451820102413 
0.451820102413 0.354024102364 0.0137104510586 
0.109575547548 0.863012752766 0.014640219325 
0.014640219325 0.863012752766 0.012771480361 
0.012771480361 0.863012752766 0.109575547548 
0.298238620314 0.328276689485 0.349298437538 
0.349298437538 0.328276689485 0.024186252663 
0.024186252663 0.328276689485 0.298238620314 
0.172551366067 0.291028042551 0.193353818935 
0.193353818935 0.291028042551 0.343066772448 
0.343066772448 0.291028042551 0.172551366067 
0.452269887307 0.365652845102 0.160091763436 
0.160091763436 0.365652845102 0.0219855041556 
0.0219855041556 0.365652845102 0.452269887307 
0.195597672241 0.50488894961 0.283406730521 
0.283406730521 0.50488894961 0.0161066476285 
0.0161066476285 0.50488894961 0.195597672241 
0.172112737762 0.162468866833 0.19155861233 
0.19155861233 0.162468866833 0.473859783075 
0.473859783075 0.162468866833 0.172112737762 
0.0113254032838 0.296091788088 0.084459716488 
0.084459716488 0.296091788088 0.60812309214 
0.60812309214 0.296091788088 0.0113254032838 
0.0836452861048 0.283694322023 0.45989599135 
0.45989599135 0.283694322023 0.172764400523 
0.172764400523 0.283694322023 0.0836452861048 
0.146884718449 0.0182999648332 0.184863681168 
0.184863681168 0.0182999648332 0.64995163555 
0.64995163555 0.0182999648332 0.146884718449 
0.0165109343119 0.228212657162 0.0137603788184 
0.0137603788184 0.228212657162 0.741516029708 
0.741516029708 0.228212657162 0.0165109343119 
0.642534016257 0.177734249077 0.0302334024009 
0.0302334024009 0.177734249077 0.149498332265 
0.149498332265 0.177734249077 0.642534016257 
0.0493519007433 0.149725236712 0.313924622752 
0.313924622752 0.149725236712 0.486998239792 
0.486998239792 0.149725236712 0.0493519007433 
0.086242401677 0.432331128508 0.152552026188 
0.152552026188 0.432331128508 0.328874443626 
0.328874443626 0.432331128508 0.086242401677 
0.0135684748258 0.409015522248 0.017768858919 
0.017768858919 0.409015522248 0.559647144007 
0.559647144007 0.409015522248 0.0135684748258 
0.289852700316 0.38910094543 0.235906068031 
0.235906068031 0.38910094543 0.0851402862219 
0.0851402862219 0.38910094543 0.289852700316 
0.194821777558 0.0797649834727 0.0930046348584 
0.0930046348584 0.0797649834727 0.63240860411 
0.63240860411 0.0797649834727 0.194821777558 
0.19589446318 0.0158635157492 0.0713431330499 
0.0713431330499 0.0158635157492 0.716898888021 
0.716898888021 0.0158635157492 0.19589446318 
0.0122514981412 0.0188057482032 0.110810793699 
0.110810793699 0.0188057482032 0.858131959956 
0.858131959956 0.0188057482032 0.0122514981412 
0.0134395201222 0.0767176683216 0.18897832215 
0.18897832215 0.0767176683216 0.720864489406 
0.720864489406 0.0767176683216 0.0134395201222 
0.0787740768185 0.81746470954 0.0850417059757 
0.0850417059757 0.81746470954 0.0187195076656 
0.0187195076656 0.81746470954 0.0787740768185 
0.00783983320807 0.681257697378 0.210177944035 
0.210177944035 0.681257697378 0.100724525379 
0.100724525379 0.681257697378 0.00783983320807 
0.0149909317109 0.502106631164 0.0797259291467 
0.0797259291467 0.502106631164 0.403176507978 
0.403176507978 0.502106631164 0.0149909317109 
0.0698898746009 0.257293140079 0.193192429144 
0.193192429144 0.257293140079 0.479624556176 
0.479624556176 0.257293140079 0.0698898746009 
0.223890677311 0.189835104483 0.0249257858585 
0.0249257858585 0.189835104483 0.561348432347 
0.561348432347 0.189835104483 0.223890677311 
0.108352902539 0.175898224129 0.086562986237 
0.086562986237 0.175898224129 0.629185887095 
0.629185887095 0.175898224129 0.108352902539 
0.140296415953 0.0681055875519 0.341748721936 
0.341748721936 0.0681055875519 0.44984927456 
0.44984927456 0.0681055875519 0.140296415953 
0.165250474549 0.606894649086 0.176946152905 
0.176946152905 0.606894649086 0.0509087234595 
0.0509087234595 0.606894649086 0.165250474549 
0.26055902569 0.0651935573644 0.192262215581 
0.192262215581 0.0651935573644 0.481985201364 
0.481985201364 0.0651935573644 0.26055902569 
0.112643597754 0.0134868064235 0.542461098061 
0.542461098061 0.0134868064235 0.331408497762 
0.331408497762 0.0134868064235 0.112643597754 
0.705918069051 0.0170323187293 0.0480873541437 
0.0480873541437 0.0170323187293 0.228962258076 
0.228962258076 0.0170323187293 0.705918069051 
0.015882614375 0.532580403619 0.386345688039 
0.386345688039 0.532580403619 0.0651912939675 
0.0651912939675 0.532580403619 0.015882614375 
0.0915568727491 0.0868292128362 0.21085742453 
0.21085742453 0.0868292128362 0.610756489885 
0.610756489885 0.0868292128362 0.0915568727491 
0.376653215625 0.0151894508664 0.527105271135 
0.527105271135 0.0151894508664 0.0810520623739 
0.0810520623739 0.0151894508664 0.376653215625 
0.215420862141 0.0779441205594 0.0178378566652 
0.0178378566652 0.0779441205594 0.688797160635 
0.688797160635 0.0779441205594 0.215420862141 
0.0670060501118 0.362874044202 0.0744691875006 
0.0744691875006 0.362874044202 0.495650718186 
0.495650718186 0.362874044202 0.0670060501118 
0.0215355664447 0.73683190667 0.0194860932438 
0.0194860932438 0.73683190667 0.222146433642 
0.222146433642 0.73683190667 0.0215355664447 
0.0894662874536 0.10939809439 0.0179454273516 
0.0179454273517 0.10939809439 0.783190190805 
0.783190190805 0.10939809439 0.0894662874536 
0.586686678534 0.0192045879174 0.370002767995 
0.370002767995 0.0192045879174 0.0241059655533 
0.0241059655533 0.0192045879174 0.586686678534 
0.494791505466 0.0797762381766 0.366806111467 
0.366806111467 0.0797762381766 0.0586261448901 
0.0586261448901 0.0797762381766 0.494791505466 
0.0739439684098 0.0608872016505 0.0897220921548 
0.0897220921548 0.0608872016505 0.775446737785 
0.775446737785 0.0608872016505 0.0739439684098 
0.0199121066091 0.0160859786513 0.0206227062322 
0.0206227062322 0.0160859786513 0.943379208507 
0.943379208507 0.0160859786513 0.0199121066091 
0.0745911424655 0.00411031172599 0.0934206969433 
0.0934206969433 0.00411031172599 0.827877848865 
0.827877848865 0.00411031172599 0.0745911424655 
0.0190977327149 0.0634892906577 0.35661946265 
0.35661946265 0.0634892906577 0.560793513978 
0.560793513978 0.0634892906577 0.0190977327149 
0.635837625186 0.226082229967 0.136158121383 
0.136158121383 0.226082229967 0.00192202346443 
0.00192202346443 0.226082229967 0.635837625186 
0.860307819075 0.0218233687948 0.100666939124 
0.100666939124 0.0218233687948 0.0172018730067 
0.0172018730067 0.0218233687948 0.860307819075 
0.0031634653522 0.0922534713375 0.885166208056 
0.885166208056 0.0922534713375 0.0194168552544 
0.0194168552544 0.0922534713375 0.0031634653522 
0.709847918239 0.00782663616837 0.00307368477945 
0.00307368477945 0.00782663616837 0.279251760813 
0.279251760813 0.00782663616837 0.709847918239 
0.003009152671 0.688367350645 0.0948737471354 
0.0948737471354 0.688367350645 0.213749749548 
0.213749749548 0.688367350645 0.00300915267101 
0.541644794758 0.194009642452 0.00113149350599 
0.00113149350599 0.194009642452 0.263214069283 
0.263214069283 0.194009642452 0.541644794758 
0.528723493573 0.0883575261899 0.382917552224 
0.382917552224 0.0883575261899 1.428012652e-06 
1.42801266289e-06 0.0883575261899 0.528723493573 
0.311317746111 0.066046761667 0.311317746111 
0.162728432016 0.511814703951 0.162728432016 
0.220307180916 0.339078457253 0.220307180916 
0.271898409127 0.184304772619 0.271898409127 
0.000440340443919
0.000440340443919
0.000440340443919
0.00115411944192
0.00115411944192
0.00115411944192
0.000529628362683
0.000529628362683
0.000529628362683
0.000763312417969
0.000763312417969
0.000763312417969
0.000203420107256
0.000203420107256
0.000203420107256
0.000143568614028
0.000143568614028
0.000143568614028
0.000320549953125
0.000320549953126
0.000320549953125
0.000732009583756
0.000732009583755
0.000732009583755
0.000177955463844
0.000177955463844
0.000177955463844
0.000497265113841
0.000497265113841
0.000497265113841
0.000170476192312
0.000170476192312
0.000170476192312
5.09494994613e-05
5.09494994614e-05
5.09494994613e-05
0.000357511187619
0.000357511187619
0.000357511187619
0.000606319939492
0.000606319939492
0.000606319939492
0.00169121480027
0.00169121480027
0.00169121480027
0.000766511792019
0.000766511792019
0.000766511792019
0.00182709434857
0.00182709434857
0.00182709434857
0.00074875294339
0.00074875294339
0.00074875294339
0.00120393150812
0.00120393150812
0.00120393150812
0.000701873874496
0.000701873874496
0.000701873874495
0.000143011296423
0.000143011296423
0.000143011296423
0.000977108272963
0.000977108272962
0.000977108272963
0.00204945857019
0.00204945857019
0.00204945857019
0.000840190499581
0.000840190499581
0.000840190499581
0.000782684926528
0.000782684926528
0.000782684926528
0.001909611709
0.001909611709
0.001909611709
0.000505360666259
0.000505360666259
0.000505360666259
0.00153682940128
0.00153682940128
0.00153682940128
0.000678467224433
0.000678467224433
0.000678467224433
0.000247024907094
0.000247024907094
0.000247024907094
0.000864969123113
0.000864969123113
0.000864969123113
0.0013075346712
0.0013075346712
0.0013075346712
0.00180935244207
0.00180935244207
0.00180935244207
0.000298943820677
0.000298943820677
0.000298943820677
0.00188921906549
0.00188921906549
0.00188921906549
0.00118888697816
0.00118888697816
0.00118888697816
0.0005046209615
0.0005046209615
0.0005046209615
0.000188532543512
0.000188532543512
0.000188532543512
0.000492168351397
0.000492168351397
0.000492168351397
0.000451017608995
0.000451017608995
0.000451017608995
0.00042069080936
0.00042069080936
0.000420690809361
0.000649043733846
0.000649043733846
0.000649043733847
0.00166800986485
0.00166800986485
0.00166800986485
0.00100322614044
0.00100322614044
0.00100322614044
0.00133860997945
0.00133860997945
0.00133860997945
0.0016371705077
0.0016371705077
0.0016371705077
0.00111070687821
0.00111070687821
0.00111070687821
0.00168014151843
0.00168014151843
0.00168014151843
0.000712321085626
0.000712321085626
0.000712321085626
0.000480925360649
0.000480925360649
0.000480925360649
0.000596139112295
0.000596139112295
0.000596139112295
0.00139835819526
0.00139835819526
0.00139835819526
0.000704499861267
0.000704499861267
0.000704499861267
0.000630510688763
0.000630510688763
0.000630510688763
0.00126775481009
0.00126775481009
0.00126775481009
0.000335198839667
0.000335198839667
0.000335198839667
0.000507488410075
0.000507488410075
0.000507488410075
0.000417056004571
0.000417056004571
0.000417056004571
0.00134546897642
0.00134546897642
0.00134546897642
0.000821646276561
0.000821646276561
0.000821646276561
0.000110967884355
0.000110967884355
0.000110967884355
0.00018791251008
0.00018791251008
0.00018791251008
0.000718084050515
0.000718084050515
0.000718084050515
0.000238312025381
0.000238312025381
0.000238312025381
0.000265583230932
0.000265583230932
0.000265583230932
9.00385846816e-05
9.00385846816e-05
9.00385846815e-05
8.09157802534e-05
8.09157802534e-05
8.09157802533e-05
0.000297687496918
0.000297687496918
0.000297687496918
0.000376659364139
0.000376659364139
0.000376659364139
0.000258487190139
0.000258487190138
0.000258487190139
0.0018747167752
0.00240748955311
0.00156849676594
0.00151172217578
