11
0.0972046445876 0.684390415453 0.111800767397 
0.0295694952065 0.317903560213 0.323293984837 
0.432710239048 0.353823239209 0.109622405332 
0.240276664928 0.126801725915 0.328473206722 
0.129411373789 0.330190414837 0.00239100745744 
0.121541991334 0.30649398843 0.562972760143 
0.450765876091 0.0594566162994 0.0568240171279 
0.41926631388 0.0477814355591 0.479611011026 
0.0672232948934 0.0351839297736 0.156363893239 
0.75250850701 0.0680993709382 0.0979872036493 
0.0404905067276 0.0135607018798 0.771254732695 
0.0177446723592
0.0183723720714
0.0258293526694
0.0322351353416
0.0126937858743
0.0132377800113
0.0115783276563
0.00998886419109
0.00923229981193
0.00921222819266
0.00654184848747
