14
0.0927352503109 0.721794249067 0.0927352503109 
0.454496295874 0.454496295874 0.0455037041256 
0.0455037041256 0.454496295874 0.0455037041256 
0.0455037041256 0.454496295874 0.454496295874 
0.310885919263 0.0673422422101 0.310885919263 
0.0673422422101 0.310885919263 0.310885919263 
0.310885919263 0.310885919263 0.310885919263 
0.310885919263 0.310885919263 0.0673422422101 
0.721794249067 0.0927352503109 0.0927352503109 
0.0927352503109 0.0927352503109 0.721794249067 
0.0927352503109 0.0927352503109 0.0927352503109 
0.454496295874 0.0455037041256 0.0455037041256 
0.454496295874 0.0455037041256 0.454496295874 
0.0455037041256 0.0455037041256 0.454496295874 
0.0122488405194
0.00709100346285
0.00709100346285
0.00709100346285
0.018781320953
0.018781320953
0.018781320953
0.018781320953
0.0122488405194
0.0122488405194
0.0122488405194
0.00709100346285
0.00709100346285
0.00709100346285
