23
0.0388360843449 0.902928799014 0.0339161423934 
0.0647694369301 0.636767508559 0.0306188563279 
0.0647751604471 0.390862050671 0.520894993309 
0.27790366933 0.594909689022 0.0634537463531 
0.0660986624147 0.630054555111 0.220167968414 
0.325119658577 0.326833504619 0.0186671182547 
0.319194280349 0.0443833443572 0.332253109944 
0.328388171231 0.320287433698 0.313035724333 
0.0550990224907 0.381084308906 0.211877471268 
0.124649963637 0.201234567364 0.522011657688 
0.06592492316 0.253593674743 0.0561600385434 
0.00735452383807 0.251184495278 0.530163322303 
0.617455720147 0.258449148984 0.0608951499262 
0.279420052946 0.269569929633 0.195189233156 
0.287725094826 0.0646206380734 0.0703084857104 
0.594717301876 0.0666032980076 0.273501407353 
0.0667895997817 0.076992717101 0.326154407636 
0.626540201709 0.0621155331836 0.0628947249886 
0.0600105830203 0.0258426862607 0.701105547483 
0.27578630047 0.0600161491662 0.610201409528 
0.0513252061652 0.0372647521384 0.0702710900341 
0.0405760510668 0.0886003504689 0.862041640687 
0.903770001332 0.0293357210832 0.0440284537706 
0.00118263247528
0.00525156831378
0.00403854781291
0.00814834598374
0.00883888731803
0.00720654944925
0.0111893027021
0.00997022461024
0.0104357458802
0.0107223369955
0.00726506634344
0.00376094454636
0.00776885568776
0.0187665674157
0.00898916843805
0.00829477168192
0.0105110603143
0.00785800507871
0.00425072071117
0.00661901627485
0.00265424653083
0.00173722262062
0.00120687948198
