31
0.0192079934886 0.651334895848 0.327460284845 
0.32345684179 0.615170988312 0.000449985313081 
0.0624740225232 0.812872555571 0.0606839915801 
0.0140330844733 0.566163074531 0.189018940758 
0.0624444127129 0.58632128583 0.0272862304678 
0.261508769177 0.0119758768892 0.376400049427 
0.260420587998 0.564650102468 0.15239632604 
0.258280547367 0.0826690956074 0.158671687175 
0.397174402995 0.171048877819 0.141915437278 
0.550455941625 0.0437434701607 0.248558732228 
0.0258331677317 0.280405238102 0.0622131202484 
0.107462430783 0.475849161739 0.305437274051 
0.252130530629 0.448739255384 0.0815757697707 
0.601823577632 0.289994034366 0.063552120096 
0.033165699831 0.274801534898 0.615791294987 
0.109895976327 0.276571682739 0.17628425117 
0.410358095995 0.244761650919 0.270871550947 
0.176438223015 0.175766110266 0.428983044171 
0.199110572053 0.263747375339 0.535528519989 
0.528711306414 0.216998299346 0.0198938969045 
0.00392965148709 0.241844613059 0.403697328617 
0.22347020253 0.225528537697 0.00011228163038 
0.297785234384 0.0476494431009 0.586554217616 
0.293770036524 0.0274823781928 0.0507643559249 
0.0528776293789 0.0549795828955 0.293123547846 
0.0530001383345 0.0449776631269 0.626712387851 
0.59910094362 0.0352137952975 0.0460268849855 
0.820745300742 0.0589104128256 0.0575292135876 
0.05989419507 0.0567758666899 0.0587858715447 
0.0620110919366 0.0571821545168 0.828670064489 
0.635521510584 0.0598944722319 0.30408358374 
0.00128469686033
0.00200063203137
0.00386946822131
0.0037352275659
0.00388183115955
0.00455498571961
0.00479938059921
0.00716519366066
0.00879694427559
0.00697308860127
0.00345201369396
0.0100502525985
0.0111185345276
0.00523518790925
0.00471879793532
0.0111232482368
0.0106981398226
0.0137230281301
0.00347878419363
0.00409373831433
0.00372477858043
0.00369671986254
0.00615596818524
0.00278366684394
0.00563264421713
0.00467686305232
0.00351546097365
0.00343172477205
0.0032004686327
0.00300951291403
0.00208568457572
