44
0.00885559427871 0.948563929799 0.0249733197954 
0.0362046719285 0.731367360036 0.0433534991654 
0.611336533692 0.00557577303044 0.152344196483 
0.0277767579936 0.466540585891 0.479875807243 
0.15648668504 0.751496536152 0.045530649397 
0.195546081923 0.541793182462 0.0130236525577 
0.0414941590183 0.717177357094 0.19224313956 
0.220977464999 0.0123959233602 0.508709938487 
0.41507658427 0.49479916932 0.0470018630321 
0.479406653353 0.32009560675 0.000591010863815 
0.062244399461 0.40365477501 0.410122336201 
0.212519226118 0.50564195098 0.248002084805 
0.397275457461 0.0817336282048 0.138110413168 
0.0454473742629 0.435666994546 0.0467524116418 
0.21613969263 0.0391905731975 0.251079653338 
0.0452907498886 0.493144767959 0.211337035859 
0.428407770736 0.0619469615468 0.327399218494 
0.142514629909 0.128143739767 0.501261446269 
0.181262191171 0.25934638916 0.52856894757 
0.24952076608 0.249905550726 0.335878177294 
0.486225245866 0.2752360273 0.196108425688 
0.227462049987 0.448954528664 0.123252714472 
0.158259093346 0.207391735141 0.222452967865 
0.0288272589009 0.229540713073 0.230525956113 
0.229540615064 0.242017557317 0.0449235473279 
0.485313557638 0.198619977669 0.106424161822 
0.0226109096367 0.222434642493 0.504482525953 
0.720511165718 0.204368923907 0.0383392606401 
0.465315160413 0.00542218330718 0.0674509311115 
0.0393802186845 0.173195608683 0.7369691657 
0.0454345303521 0.163299343299 0.0426915656028 
0.42465005408 0.136206241225 0.408193175479 
0.216264148891 0.0512537651339 0.678099070369 
0.204491813747 0.0468686532809 0.0469827569075 
0.719573330072 0.0559906446821 0.17965580975 
0.0462005821487 0.043498814452 0.186591108358 
0.500329672033 0.00811205075571 0.455795706333 
0.0410502981455 0.0456853657461 0.464486328356 
0.0398566779234 0.0344820754789 0.761274315613 
0.762367884954 0.0524383899287 0.0345560133354 
0.498254961782 0.0797578709669 0.00806588381207 
0.048689004639 0.0221620710967 0.92457773989 
0.0300522477759 0.00671967882215 0.0224198705703 
0.957381626058 0.0160079842313 0.0256385113414 
0.000290863922551
0.00251062824752
0.00164608613248
0.00168815354179
0.00293542269752
0.00260273153396
0.00299814831631
0.00275489446676
0.00375076099467
0.0021332305621
0.00454248932241
0.00538216677347
0.00469761431667
0.00402639065464
0.00537354222399
0.00609168178461
0.00692791506925
0.00651045165816
0.00418984767843
0.00881048811767
0.00545454579226
0.00929874796629
0.00889230040798
0.00451958974758
0.00668313419022
0.00862993732317
0.00379062010575
0.00245331786257
0.00114957138606
0.00282920487634
0.00289820042709
0.00375987312558
0.00391648725645
0.00335778514113
0.00342417272409
0.00298313396788
0.00125352505864
0.00365408310109
0.00228929542638
0.00256474090207
0.00197757011618
0.00042448341989
0.000346514094503
0.000252324232519
