57
0.223347667814 0.723724094807 0.0125424661033 
0.0420664854099 0.875196026528 0.040782756054 
0.0149238239785 0.727611229831 0.0441111657287 
0.0396771205159 0.473171641432 0.475472050285 
0.0331316669554 0.713691124062 0.213065830742 
0.180952132452 0.682058612968 0.11152991059 
0.143214340398 0.000666217908744 0.243778639511 
0.194621680265 0.420505174203 0.00413611059014 
0.435066176799 0.447184150342 0.1119422916 
0.416782083325 0.0077983928186 0.348582203892 
0.124285648731 0.656138223504 0.027204332495 
0.44434524781 0.474856882867 0.0197212690049 
0.13288343304 0.0205145714018 0.48984985866 
0.0155201159922 0.392433680527 0.230095322106 
0.0366754648901 0.4635857264 0.0414941391959 
0.231314248872 0.0028645779884 0.662809659334 
0.0528125899289 0.579144072483 0.184057946671 
0.0274327152139 0.412543124293 0.435788537505 
0.179904501597 0.476509401004 0.304465762182 
0.227159869315 0.517598979529 0.113524991282 
0.374496979077 0.363925352763 0.0393300944441 
0.360156713212 0.0368998311021 0.144197779891 
0.228984009071 0.0827335053473 0.35184795846 
0.333619190568 0.199823030101 0.195591566222 
0.57295636858 0.0777442683512 0.182424390198 
0.147687068101 0.0940707621911 0.605773852534 
0.422228601672 0.303141864574 0.191205745233 
0.414761922299 0.162526363751 0.059355033838 
0.353700358435 0.117934406192 0.418752777045 
0.165062840907 0.309246440579 0.343713495036 
0.14348292242 0.346940806255 0.130831877204 
0.130665687576 0.235477104648 0.588048469962 
0.132504385419 0.122403595188 0.187931697418 
0.339432294095 0.241869511998 0.403308594096 
0.0550373938297 0.196941061938 0.396412367044 
0.645449463437 0.202551715395 0.0488416743393 
0.720380720336 0.244078663541 0.0286492492841 
0.0448310591511 0.211317992359 0.0340482289311 
0.215845533527 0.186190938827 0.0324471755638 
0.0175868132551 0.20371686346 0.174270023324 
0.0230247668978 0.201015109996 0.744572286413 
0.633534755777 0.0202948586616 0.0700929457375 
0.0209442763011 0.170438917807 0.624761808074 
0.644358309839 0.134094535449 0.201896594291 
0.737898449375 0.0105248700657 0.200202998521 
0.586619406368 0.133173713253 0.00645191122647 
0.187147292115 0.0370698658977 0.0452838477257 
0.483732396697 0.0372285314524 0.445711868646 
0.0317115615354 0.0291491310298 0.708366195363 
0.0302097149702 0.0393132826972 0.178587657844 
0.783023838068 0.0372273140607 0.0241699395689 
0.0244822382814 0.0493321397035 0.425415508692 
0.440521404847 0.0330743569254 0.01111917667 
0.218303550548 0.0638376081134 0.709485572387 
0.0458983297925 0.039300651257 0.868941999474 
0.873984284469 0.0480297338873 0.043245757225 
0.037467155821 0.04313984945 0.0346193994666 
0.000975026613831
0.00118228135582
0.00118429668271
0.00119996437017
0.00196042275654
0.00209548452041
0.0013133568297
0.00163756018413
0.00162990042902
0.00237774101422
0.00248259139179
0.0019374921889
0.00221437506516
0.0025197964986
0.00261956287891
0.00136638338062
0.00438008211396
0.00331480176776
0.00439593140299
0.00543995147134
0.00421543780281
0.00423208523439
0.0058700604389
0.00697922461888
0.00530755076835
0.00468786977429
0.00637018098566
0.00427531366363
0.00587989412385
0.00818368742696
0.0075352305132
0.0038349148703
0.00595275544971
0.00274589846301
0.00552017907038
0.00373011850288
0.000716201604405
0.00216458852297
0.00355904995165
0.00216254303722
0.00117446211573
0.00171858097727
0.00227953923476
0.00256395546582
0.00119000661937
0.00117194188244
0.00218097825718
0.00221231934112
0.00152753239922
0.00152442844748
0.000907777114463
0.00220518381761
0.00110019009257
0.00138270596048
0.00133686842254
0.00112356673694
0.00091684204164
