1.182568 0.473272
1.173086 0.446055
1.16334 0.418243
1.153348 0.389882
1.143128 0.361015
1.132697 0.331686
1.122073 0.301936
1.11127 0.271801
1.100305 0.241321
1.089193 0.210534
1.077949 0.17951
1.066591 0.14834
1.055136 0.117113
1.043602 0.085921
1.032008 0.054857
1.020372 0.024014
1.008713 -0.006512
0.9970480000000001 -0.036628
0.985353 -0.066264
0.973558 -0.095378
0.961591 -0.123931
0.94938 -0.151883
0.9368530000000001 -0.179198
0.923938 -0.205836
0.910562 -0.231761
0.896653 -0.256936
0.882222 -0.281273
0.867448 -0.304583
0.852526 -0.326663
0.837654 -0.347312
0.823029 -0.366326
0.808849 -0.383502
0.795312 -0.398637
0.782617 -0.411526
0.770942 -0.422014
0.760394 -0.430137
0.751058 -0.435981
0.74302 -0.439632
0.736366 -0.441176
0.731181 -0.440699
0.72755 -0.438287
0.725559 -0.434027
0.725281 -0.427998
0.7266860000000001 -0.420237
0.729691 -0.410759
0.734212 -0.399578
0.740166 -0.386707
0.74747 -0.372163
0.756038 -0.355959
0.765787 -0.338111
0.776631 -0.318638
0.788455 -0.297614
0.8011120000000001 -0.27517
0.814456 -0.25144
0.82834 -0.226554
0.842619 -0.200645
0.857146 -0.173845
0.871776 -0.146285
0.886363 -0.118095
0.9008080000000001 -0.08939900000000001
0.9150970000000001 -0.060315
0.9292240000000001 -0.030956
0.9431850000000001 -0.001436
0.9569760000000001 0.028129
0.970593 0.057625
0.984031 0.086937
0.997286 0.115952
1.010354 0.14459
1.023244 0.172926
1.035964 0.201071
1.048523 0.229136
1.060931 0.257232
1.073197 0.285469
1.085329 0.313958
1.097336 0.34281
1.109224 0.372101
1.120959 0.401608
1.132489 0.430951
1.143762 0.459751
1.154723 0.487625
1.165321 0.514192
1.175501 0.539069
1.185211 0.561874
1.194394 0.582229
1.202945 0.599854
1.210712 0.61457
1.217539 0.626204
1.223272 0.634583
1.227757 0.639536
1.230842 0.64089
1.232372 0.638475
1.232194 0.632116
1.230262 0.621827
1.226739 0.607977
1.221808 0.59098
1.215657 0.571246
1.20847 0.549191
1.200434 0.525231
1.191737 0.499784
0 -0.947368
0 -0.894737
0 -0.842105
0 -0.789474
0 -0.736842
0 -0.684211
0 -0.631579
0 -0.578947
0 -0.526316
0 -0.473684
0 -0.421053
0 -0.368421
0 -0.315789
0 -0.263158
0 -0.210526
0 -0.157895
0 -0.105263
0 -0.052632
0 0
0.119939 0.005228
0.231809 0.020419
0.336102 0.044836
0.43331 0.07774
0.523925 0.118394
0.608438 0.166058
0.687343 0.219997
0.76113 0.27947
0.830292 0.343741
0.895322 0.412071
0.95671 0.483722
1.014949 0.557956
1.070532 0.634036
1.123949 0.711222
1.175694 0.788778
1.226258 0.865964
1.276133 0.942044
1.325811 1.016278
1.375784 1.087929
1.426545 1.156259
1.478585 1.22053
1.532396 1.280003
1.58847 1.333942
1.6473 1.381606
1.709377 1.42226
1.775194 1.455164
1.845242 1.479581
1.920013 1.494772
2 1.5
2 1.447368
2 1.394737
2 1.342105
2 1.289474
2 1.236842
2 1.184211
2 1.131579
2 1.078947
2 1.026316
2 0.973684
2 0.921053
2 0.868421
2 0.815789
2 0.763158
2 0.710526
2 0.657895
2 0.605263
2 0.552632
2 0.5
1.920013 0.494772
1.845242 0.479581
1.775194 0.455164
1.709377 0.42226
1.6473 0.381606
1.58847 0.333942
1.532396 0.280003
1.478585 0.22053
1.426545 0.156259
1.375784 0.08792899999999999
1.325811 0.016278
1.276133 -0.057956
1.226258 -0.134036
1.175694 -0.211222
1.123949 -0.288778
1.070532 -0.365964
1.014949 -0.442044
0.95671 -0.516278
0.895322 -0.587929
0.830292 -0.656259
0.76113 -0.72053
0.687343 -0.780003
0.608438 -0.833942
0.523925 -0.881606
0.43331 -0.92226
0.336102 -0.955164
0.231809 -0.979581
0.119939 -0.994772
0 -1
1.184457407098137 0.4726161487840135
1.186913636325714 0.4717635422032311
1.190106734321565 0.4706551536482139
1.194257761716171 0.4692142485266915
1.199654097329159 0.4673410718687124
1.206669333626044 0.4649059422133397
1.215789140811993 0.4617402736613551
1.227644890153728 0.4576249045437751
1.174974070053918 0.4453953095638868
1.177428561124011 0.4445377119969396
1.180619399515132 0.4434228351599083
1.184767489423589 0.4419734952717676
1.190160006304583 0.4400893534171846
1.197170278249876 0.4376399690062268
1.206283631778756 0.4344557692719815
1.218130991366301 0.4303163096174628
1.165226912487045 0.4175800058324283
1.167679898720203 0.416718113414585
1.170868780823309 0.4155976532713888
1.175014327557347 0.4141410550852337
1.180403538311596 0.4122474774432321
1.187409512292119 0.40978582650863
1.1965172784668 0.4065856802936473
1.208357374493885 0.4024254902141698
1.155233844234865 0.3892159733324965
1.15768544174019 0.3883501386647419
1.160872518497112 0.387224553596661
1.165015718281111 0.3857612930081558
1.170401878000309 0.3838590542430991
1.177403885635267 0.3813861438485253
1.186506495560712 0.3781713603355794
1.198339888463791 0.3739921417687496
1.145012853585046 0.3603461749384636
1.147463163245606 0.3594767023584662
1.150648565804334 0.3583463880044697
1.15478958913068 0.3568769793442742
1.16017291945493 0.35496674808602
1.167171248876455 0.3524834474502896
1.176269077124437 0.3492551566238402
1.188096253846814 0.3450583785494558
1.13458093965277 0.3310146048967098
1.13703006120137 0.3301417912624327
1.140213919214551 0.3290071335378723
1.144352934631686 0.3275320784959438
1.149733654673962 0.3256145069414368
1.15672859072892 0.3231216639205777
1.165822007600366 0.3198809679934608
1.177643449533245 0.315668063288209
1.123956094863193 0.3012622391105028
1.126404118185344 0.3003863499541564
1.12958654850414 0.2992476940509061
1.133723707918575 0.2977674413766808
1.139102015157341 0.2958431129001878
1.146093814567736 0.2933414858807469
1.15518315380125 0.2900893707554738
1.166999294804818 0.2858616210926187
1.113152306821216 0.2711250406589112
1.115599305688796 0.2702462935154957
1.11878040421665 0.2691039222290555
1.122915832302861 0.2676188395566833
1.128291888814935 0.2656882320825995
1.135280762280631 0.2631784423662905
1.144366297786035 0.2599157157350887
1.156177493943062 0.2556741711145265
1.102186574000536 0.2406430034804613
1.104632620201233 0.239761608005061
1.107812480262139 0.2386157938870407
1.111946298341317 0.2371262355336142
1.117320261844248 0.2351898096741597
1.124306414398059 0.232672456056869
1.133388412718012 0.229399896354391
1.145195010533952 0.2251455687411695
1.091073767916038 0.2098537705931055
1.093518766206886 0.2089694723641426
1.09669726398499 0.2078198846664909
1.100829311096524 0.2063254206595436
1.106200972341519 0.2043826174505122
1.113184131960012 0.2018569732787713
1.122262239464053 0.1985736358555082
1.134063779219306 0.1943052972052661
1.079828727221078 0.1788269000261031
1.08227237260848 0.177938870060037
1.085449111612102 0.1767844311041511
1.08957887231681 0.1752836604614995
1.094947561232931 0.1733326586260524
1.101926856823889 0.1707963562399711
1.110999941092134 0.1674991631380655
1.122794950640852 0.1632128121055882
1.068469397666799 0.1476532524442223
1.070911314633636 0.1467604806217114
1.074085806690525 0.1455998772524471
1.078212646364481 0.1440910928724035
1.083577537940624 0.1421296731783469
1.09055189698961 0.1395798275760733
1.099618563753291 0.1362650282931176
1.111405230546076 0.1319557892252752
1.057012763500815 0.1164217990436851
1.059452556051873 0.1155232378004758
1.06262428636825 0.1143551081843036
1.066747535779539 0.1128365396832798
1.072107760014216 0.1108624006319489
1.079076051519295 0.1082960198652187
1.088134830475897 0.1049597248684694
1.099911243119481 0.1006225413726953
1.045476811535761 0.08522452192757012
1.047914066532251 0.08431910043341126
1.051082498027688 0.08314205249100476
1.055201458971756 0.08161189016587631
1.060556108199045 0.07962267914320932
1.06751715219452 0.07703670481374222
1.076566509388637 0.07367493818543501
1.08833067374099 0.06930464156863564
1.033880512964243 0.05415436552977915
1.036314779817759 0.05324094071849204
1.039479326727329 0.0520534884638188
1.04359323770977 0.05050980053274359
1.048941321986944 0.0485030062223458
1.055893831547271 0.04589417361882869
1.064932093975695 0.04250269123425645
1.076681835132646 0.03809376413431252
1.022241823041422 0.02330423821336579
1.024672592995271 0.02238154789074132
1.027832593935275 0.02118205047132951
1.03194059515728 0.01962270382609416
1.037280996745886 0.0175955531872882
1.044223518811074 0.01496025735684045
1.053248797495819 0.01153437277725838
1.064981659785987 0.007080722823801681
1.010579688137573 -0.00722996615313247
1.013006382716418 -0.00816332215220468
1.016161085668917 -0.009376684950998554
1.020262199507165 -0.01095405658943059
1.025593647496887 -0.01300463971939224
1.032524529883527 -0.01567039778834238
1.041534676986158 -0.01913588327797756
1.053247868219578 -0.0236410144145033
0.9989107057297316 -0.03735623578903078
1.001332223178383 -0.03830294231477079
1.004480195861629 -0.0395336607982328
1.008572560349849 -0.04113359482673343
1.013892634184535 -0.04321350906378423
1.020808730169628 -0.04591739757195028
1.029799654950247 -0.04943245263256615
1.041487857165053 -0.05400202421136677
0.9872100553009728 -0.06700652650399078
0.9896242271922375 -0.0679718109591788
0.9927626506508815 -0.06922668075092321
0.9968426011471189 -0.07085801148019096
1.002146536792227 -0.07297874142823901
1.009041653130868 -0.07573569036070149
1.018005304371102 -0.07931972397290271
1.029658050983405 -0.08397896766876431
0.9754071564426988 -0.09613998454736662
0.9778110598182073 -0.09713056445894323
0.9809361342063683 -0.09841831834399283
0.9849987309109776 -0.1000923983945573
0.9902801066269695 -0.1022687024602911
0.9971458950577592 -0.105097897745745
1.006071420017786 -0.1087758516168352
1.01767460246582 -0.1135571916492523
0.9634297280594747 -0.1247178158128179
0.9658200745367919 -0.1257406763694812
0.9689275249573042 -0.1270703950931434
0.9729672105039702 -0.1287990294339044
0.9782188017146359 -0.1310462540768936
0.9850458702885014 -0.1339676461127796
0.9939210594345266 -0.1377654557594314
1.005458805324359 -0.1427026083000787
0.9512054543730322 -0.1527001391142135
0.953578545057974 -0.1537624199626911
0.9566635629483985 -0.1551433850657119
0.9606740862059502 -0.156938639699639
0.9658877664407675 -0.1592724707237442
0.9726655507460298 -0.162306451055081
0.981476670342871 -0.1662506254858188
0.9929311258187645 -0.171378052245778
0.9386619375569208 -0.1800510796651905
0.9410135563809179 -0.1811600832299381
0.944070660852114 -0.1826017878641099
0.948044896664669 -0.1844760038885334
0.9532114032209904 -0.1869124847202839
0.9599278617442083 -0.1900799098015595
0.9686592578243916 -0.1941975624072178
0.9800100727286297 -0.1995505107945736
0.925726698719692 -0.2067307384479122
0.9280520070552916 -0.207893898430198
0.9310749078915711 -0.2094060064071695
0.9350046789787343 -0.2113717467772325
0.9401133813920466 -0.2139272092583144
0.9467546945293526 -0.217249310483721
0.9553884016078503 -0.2215680420767494
0.9666122208098974 -0.2271823931476864
0.9123262234449456 -0.2327030804829227
0.914619713923375 -0.2339277851107223
0.9176012515453333 -0.2355199011268617
0.9214772504538791 -0.2375896519478429
0.9265160490349884 -0.2402803280151186
0.9330664871904307 -0.2437782069025769
0.9415820567925056 -0.2483254494562727
0.952652297275203 -0.2542368647760772
0.898388720733006 -0.2579296163932893
0.9006451576859137 -0.2592213177045654
0.9035785257246938 -0.2609005294092244
0.907391904175108 -0.263083504625281
0.9123492961606462 -0.2659213724061546
0.9187939057418461 -0.2696106005212903
0.9271718981974058 -0.2744065970709667
0.9380632883896335 -0.2806413925855459
0.8839270545562902 -0.2823183654672286
0.8861436254794674 -0.2836773405746258
0.8890251676795978 -0.2854440082142422
0.8927711725397673 -0.2877406761457434
0.8976409788579878 -0.290726344456695
0.9039717270716743 -0.2946077132609321
0.9122016997494667 -0.2996534927064403
0.9229006642305969 -0.306213005985601
0.8691214351472404 -0.3056782692856008
0.871296900838653 -0.3071021193568818
0.8741250062374892 -0.3089531244495471
0.8778015432559765 -0.311359431070012
0.8825810413800099 -0.3144876296766163
0.8887943889412533 -0.318554287865202
0.8968717407708696 -0.3238409435103634
0.9073722981493709 -0.3307135958490732
0.8541662495830126 -0.3278073693920352
0.8562985740409289 -0.329295049601681
0.8590705958362201 -0.3312290338742205
0.8626742241700988 -0.333743213428522
0.867358941004141 -0.3370116468491138
0.8734490728883959 -0.3412606102958832
0.8813662443379272 -0.3467842627766833
0.891658567222318 -0.3539650110017236
0.8392583859239149 -0.3485061297279374
0.8413440876250041 -0.3500584983742561
0.8440554998364201 -0.3520765776144704
0.8475803357112611 -0.354700080626749
0.8521626223485542 -0.3581106345427111
0.8581195949770353 -0.3625443546334619
0.8658636593940607 -0.3683081907514379
0.8759309431361938 -0.3758011777048067
0.8245931438558555 -0.3675723763469312
0.8266265308684676 -0.3691926655979417
0.8292699339848634 -0.3712990416242554
0.8327063580361779 -0.3740373304584632
0.8371737093028868 -0.3775971059429334
0.8429812659496083 -0.3822248140727446
0.8505310895903463 -0.3882408346414992
0.8603458603233056 -0.3960616613808801
0.8103659424613116 -0.3848054130462253
0.8123379676610165 -0.3864998500063181
0.814901600420633 -0.3887026180544388
0.8182343230081343 -0.3915662165169957
0.822566862371886 -0.3952888945183196
0.8281991635447634 -0.4001283759200408
0.8355211550695039 -0.4064197017422783
0.8450397440516666 -0.414598425311187
0.7967703933557843 -0.4000056083515032
0.7986663047183038 -0.4017847992084574
0.8011309894895792 -0.4040977473224979
0.8043350796922372 -0.4071045798707504
0.8085003969556925 -0.4110134621834788
0.8139153093981846 -0.4160950091900256
0.8209546955734243 -0.4227010202985365
0.8301058976012358 -0.4312888347396007
0.7839985903533602 -0.4129721009976838
0.7857946578127283 -0.4148520322946729
0.7881295455099069 -0.4172959429807586
0.7911648995162391 -0.42047302687267
0.7951108597244709 -0.4246032359321549
0.8002406079951724 -0.4299725077094851
0.8069092807470842 -0.4369525610200146
0.8155785553245697 -0.4460266303237028
0.7722216251385992 -0.4235510619716411
0.773885137818778 -0.4255492425347746
0.7760477043030104 -0.428146877266848
0.7788590407325127 -0.4315238024185436
0.7825137780908655 -0.4359138051157477
0.7872649366567243 -0.4416208086221131
0.7934414427923406 -0.4490399131803882
0.8014709007686419 -0.4586847491061457
0.7615364668078961 -0.4317785753387694
0.7630216736581609 -0.4339126232791696
0.7649524425635053 -0.4366868856016898
0.7674624421404529 -0.4402934266209662
0.7707254415904847 -0.4449819299460254
0.7749673408755262 -0.4510769842686024
0.7804818099460802 -0.4590005548879525
0.7876506197378003 -0.4693011966931077
0.7520048147983645 -0.4377426871849446
0.7532356740362382 -0.4400328805253727
0.7548357910454739 -0.4430101318679292
0.7569159431574806 -0.4468805586132525
0.7596201409030891 -0.451912113382173
0.7631355979723802 -0.4584531345817695
0.7677056921624587 -0.4669564621412449
0.7736468146095606 -0.4780107879685631
0.7436636866876879 -0.441525585870272
0.7445004793816821 -0.4439872475016254
0.7455883098838745 -0.447187407622385
0.7470024895367247 -0.4513476157793724
0.7488409230854298 -0.456755886383456
0.7512308866987466 -0.4637866381687648
0.7543378393960584 -0.4729266154896661
0.7583768779025637 -0.4848085860068379
0.7365037632226253 -0.4431712496822433
0.7366828554120383 -0.4457650742691596
0.7369156752582751 -0.4491370462321507
0.737218341058383 -0.4535206097840391
0.7376118065985232 -0.4592192424014941
0.7381233118007056 -0.4666274648041857
0.7387882685635425 -0.4762581539276846
0.7396527123552307 -0.4887780497882333
0.730518199986916 -0.4425859806948286
0.729656559969907 -0.4450390555981059
0.7285364279477952 -0.4482280529723663
0.7270802563190498 -0.4523737495589048
0.7251872332016809 -0.4577631551214049
0.7227263031491013 -0.464769382352655
0.7195270940807478 -0.4738774777532801
0.7153681222918882 -0.4857180017740928
0.7260361779908152 -0.4395940359308403
0.724068209378875 -0.4412931826409328
0.7215098501833527 -0.4435020733640529
0.7181839832291737 -0.4463736313041091
0.7138603561887409 -0.4501066566261822
0.7082396410361783 -0.4549595895448773
0.700932711337847 -0.4612684023391808
0.6914337027300163 -0.4694698589717753
0.72361757969436 -0.4345075072287168
0.7210937332970282 -0.4351321666260487
0.7178127329804968 -0.4359442238425801
0.713547432569006 -0.4369998982240709
0.7080025420340679 -0.4383722749200091
0.7007941843386484 -0.4401563646247286
0.691423319334603 -0.442475681240864
0.679241194829344 -0.44549079284184
0.7232853472237875 -0.4278662047163389
0.7206909986147112 -0.4276948708475795
0.7173183454229121 -0.4274721368181922
0.7129338962735732 -0.4271825825799887
0.7072341123794326 -0.4268061620703242
0.6998243933170499 -0.4263168154077604
0.6901917585359524 -0.4256806647464274
0.6776693333205256 -0.4248536688866945
0.7247446342025178 -0.419756272592454
0.7222208586657908 -0.4191313269626443
0.7189399504680457 -0.4183188976438915
0.714674769810977 -0.417262739529513
0.7091300349567878 -0.4158897339808209
0.7019218796463418 -0.4141048267675211
0.692551277742762 -0.4117844473902315
0.6803694952681083 -0.4087679541997549
0.7278091496576591 -0.4100817708740525
0.7253627442126159 -0.4092013730103208
0.72218241713406 -0.4080568557874696
0.718047991931937 -0.4065689833977631
0.7126732391691772 -0.4046347492911446
0.7056860605775895 -0.4021202449525405
0.6966027284085256 -0.3988513893123553
0.6847943965887424 -0.3946018769801143
0.7323766752292162 -0.3987832780450071
0.7299907530271974 -0.3977501395035163
0.726889054164573 -0.3964070593995784
0.7228568456431611 -0.394661055264459
0.7176149745653258 -0.3923912498888038
0.7108005421641398 -0.3894405029004521
0.701941780042598 -0.3856045318155948
0.6904253892845937 -0.3806177694052804
0.738364462944393 -0.3858384009916685
0.7360224647721037 -0.3847092222808375
0.7329778671481277 -0.3832412899567572
0.7290198902369589 -0.3813329779354527
0.7238745202524395 -0.378852172307757
0.7171855392725643 -0.3756271249917526
0.7084898639987265 -0.3714345634809468
0.6971854861427373 -0.3659842335168992
0.7456921883458531 -0.3712468200382134
0.7433810331954621 -0.3700557860878907
0.7403765314999538 -0.3685074419524712
0.736470679295793 -0.3664945945764259
0.731393071430384 -0.363877892987567
0.7247921812053524 -0.3604761809220504
0.7162110239128111 -0.3560539552368788
0.7050555194325076 -0.3503050618461558
0.7542762893169214 -0.3550122289246462
0.7519860654289191 -0.3537814265266862
0.7490087743745163 -0.3521813834093382
0.7451382960037926 -0.3501013273567858
0.7401066741218517 -0.3473972544884678
0.7335655656753286 -0.3438819597596542
0.7250621246948485 -0.3393120766121967
0.7140076514202245 -0.3333712285205018
0.7640356861499614 -0.3371451326184911
0.7617589781449111 -0.3358895050225295
0.7587992577383459 -0.3342571891477794
0.754951621209811 -0.3321351785106044
0.7499496937227157 -0.3293765646822768
0.7434471879894917 -0.3257903667054509
0.7349939305363007 -0.3211283093355772
0.7240046958471522 -0.3150676347547415
0.7748857069636069 -0.3176612952251997
0.7726168260162959 -0.3163915790179592
0.7696672807847915 -0.3147409479485466
0.765832871983836 -0.3125951275583102
0.7608481405425936 -0.3098055610510029
0.7543679896689787 -0.3061791245915035
0.7459437935332792 -0.3014647571941542
0.7349923385568699 -0.2953360795776001
0.786712345693334 -0.2966325949014507
0.7844468950946684 -0.2953567682733365
0.7815018093164029 -0.2936981936567881
0.7776731978046578 -0.2915420466552752
0.7726960028393892 -0.2887390555533084
0.7662256493845401 -0.2850951671207516
0.7578141898932361 -0.2803581121584277
0.746879292554541 -0.2741999407074067
0.7993693221789763 -0.2741886366564255
0.7971038410116453 -0.2729128643097786
0.7941587154941151 -0.2712543602591377
0.7903300523213258 -0.2690983049933045
0.7853527901966997 -0.2662954331477214
0.7788823494346858 -0.2626516997484633
0.7704707764440678 -0.2579148463294277
0.7595357315562643 -0.2517569368846815
0.8127110802327631 -0.2504626285220521
0.8104426845353552 -0.2491920456007199
0.8074937701287248 -0.247540287802988
0.8036601814001054 -0.2453930026659365
0.7986765160529001 -0.2426015319877696
0.7921977511015333 -0.2389726201061526
0.7837753566647565 -0.2342550346600505
0.7728262438969465 -0.2281221735801178
0.8265909204952597 -0.2255840923311482
0.8243171171390974 -0.2243232123616409
0.8213611727760862 -0.2226840684012814
0.8175184451041719 -0.220553181252814
0.8125228991306832 -0.2177830279598063
0.8060286893651479 -0.2141818286788964
0.797586216669952 -0.2095002696137136
0.7866110021661974 -0.2034142428289759
0.8408640550682861 -0.1996857459738674
0.8385826266570581 -0.1984387157398949
0.8356167697224616 -0.1968175764357307
0.8317611557074861 -0.1947100953403173
0.8267488574880181 -0.1919703699162799
0.8202328698027095 -0.1884087268650312
0.8117620858118085 -0.1837785908984079
0.8007500666236371 -0.1777594141417976
0.8553835887547577 -0.1728995336586406
0.8530924541359427 -0.1716704274148733
0.8501139791314832 -0.170072589297976
0.846241961625686 -0.1679953997460093
0.8412083388681495 -0.1652950533284527
0.8346646292833521 -0.1617846029856291
0.8261578068231155 -0.1572210175399584
0.8150989376248078 -0.1512883564605865
0.8700045938390028 -0.1453564957120287
0.8677017658297065 -0.1441494401376659
0.8647080894176212 -0.1425802678909943
0.8608163100819103 -0.1405403439703213
0.8557569969454862 -0.1378884428734463
0.8491798898681349 -0.1344409714475089
0.8406296506675782 -0.1299592585937902
0.8295143397068545 -0.1241330318839559
0.8845816403542938 -0.1171857377646415
0.8822658728148756 -0.1160036968586754
0.8792553750136319 -0.1144670436809195
0.8753417278720153 -0.1124693945498368
0.8702539865879135 -0.1098724506794293
0.8636399229185813 -0.1064964236478995
0.8550416401484494 -0.1021075885069108
0.843863872547278 -0.09640210282362552
0.8990172558547714 -0.08850836235969423
0.8966892884659743 -0.08735053342729672
0.8936629308605378 -0.08584535581517996
0.8897286659734707 -0.08388862491942817
0.8846141216202832 -0.08134487475495085
0.8779652139611395 -0.07803799954113033
0.8693216340042527 -0.07373906176316365
0.8580849800602999 -0.06815044265180696
0.9132983669520294 -0.05944040343086224
0.9109601439896674 -0.05830342789098314
0.9079204541385969 -0.05682535968914032
0.9039688573322052 -0.05490387102674465
0.898831781483896 -0.05240593576563028
0.892153582881094 -0.0491586199261816
0.8834719246974515 -0.04493710933489832
0.8721857690587163 -0.03944914556623005
0.9274188966301893 -0.03009483693512919
0.9250722622494352 -0.02897532495079713
0.922021637554455 -0.02751995937116546
0.9180558254509806 -0.02562798411764429
0.912900269716464 -0.02316841628806676
0.9061980472615924 -0.01997097810961598
0.8974851580702593 -0.01581430847762996
0.8861584021215262 -0.01041063795604813
0.9413747510628412 -0.0005857066473768401
0.9390214274445347 0.0005196747110332676
0.9359621067407361 0.001956670476966408
0.931984989825798 0.003824764972679491
0.9268147378363786 0.006253287817106499
0.9200934102501333 0.009410367514861609
0.9113556843880143 0.01351457112194325
0.8999966407672597 0.01885003581114939
0.9551618322898501 0.02897089994622234
0.9528034142666551 0.03006536987631137
0.9497374708365016 0.03148818078542712
0.9457517443773021 0.0333378349672776
0.9405702999803427 0.03574238540368321
0.9338344222642956 0.0388683009710105
0.9250777812334342 0.04293199120853599
0.9136941478933145 0.04821478851731913
0.9687760594099943 0.05846089885296593
0.966414036642987 0.05954756736182165
0.9633434070458773 0.06096023642333406
0.9593515885696348 0.06279670620330022
0.9541622245505196 0.06518411691725622
0.9474160513256698 0.06828775084539901
0.9386460261333649 0.07232247495198463
0.9272449933833686 0.07756761629054595
0.9822123955655661 0.08776927273838393
0.9798482098008019 0.08885122729828303
0.9767747683066085 0.09025776822615188
0.972779294364157 0.09208627143238136
0.9675851782389701 0.09446332560047971
0.9608328272762272 0.09755349601900754
0.9520547710246614 0.1015707175630937
0.9406432978976258 0.1067931055704058
0.9954666612788057 0.1167826663695872
0.9931015209412532 0.1178625326500505
0.9900268385024348 0.1192663588146528
0.9860297513319709 0.1210913328286359
0.980833538010368 0.1234637990468138
0.9740784606922841 0.1265480051304451
0.965296860178775 0.1305574730391658
0.9538807795112132 0.1357697813205028
1.008533998249388 0.1454192126553354
1.006167995973592 0.1464971891072714
1.003092193015057 0.1478985584947882
0.999093649168962 0.1497203386985601
0.9938955421690384 0.1520886529634635
0.9871380030691377 0.155167461507838
0.9783532022392668 0.1591699126155247
0.9669329611604346 0.1643730990555176
1.021422501289394 0.1737519191529798
1.019054552965605 0.1748256140518536
1.01597622014468 0.1762214174203895
1.011974387477478 0.1780359617994861
1.006772005010115 0.1803948694923118
1.000008907802542 0.1834614494929852
0.9912168814326986 0.1874480034938605
0.9797872471519017 0.1926305236949985
1.034139972940147 0.2018913202331555
1.031768737762338 0.2029577365362577
1.028686132031187 0.2043440777302905
1.02467874458069 0.2061463212825332
1.019469140895044 0.2084892379004487
1.012696656103705 0.2115350295037388
1.003892425874963 0.215494558588016
0.9924469265775989 0.2206419463975764
1.046695464917369 0.2299484749360766
1.044319669309949 0.2310046923529761
1.041231135020302 0.2323777749949455
1.037216040443762 0.2341627824295057
1.031996417494259 0.236483292094434
1.025210907659906 0.2394999546588408
1.016389744875246 0.2434216159925695
1.004922233255189 0.248519775726417
1.059099038573347 0.2580344445969996
1.056717488718697 0.259077622573099
1.053621473907653 0.2604337539420283
1.049596654653295 0.2621967247216363
1.04436438962263 0.2644885867351268
1.037562445082766 0.2674680073526644
1.028719917180942 0.2713412541554632
1.017224630908571 0.2763764749991018
1.071359752454874 0.2862592667005063
1.068971330646211 0.2872866134111646
1.065866382294948 0.2886221641350203
1.061829949438307 0.2903583800760328
1.056582586724673 0.292615460799349
1.049761015196949 0.29554966573966
1.040892972210908 0.2993641321620644
1.029364516329054 0.3043229385111901
1.083485707183994 0.3147340615919255
1.081089426523187 0.3157429416614287
1.077974261664138 0.3170544857517829
1.073924547347373 0.3187594930692432
1.068659918735579 0.3209760025819416
1.061815901540248 0.3238574649484497
1.052918679186316 0.3276033660249101
1.041352290126205 0.3324730374243086
1.09548616221791 0.3435703289945479
1.093081373101192 0.3445587566874602
1.089955147249459 0.3458437126882463
1.085891053642206 0.3475141554892681
1.080607731952777 0.3496857311305964
1.07373941375652 0.3525087794643232
1.064810600101385 0.3561787422981682
1.05320314234971 0.3609496939821665
1.107368197441645 0.3728466519727079
1.104955654115783 0.3738159995372281
1.101819347792164 0.3750761513711044
1.097742149571458 0.3767143487551436
1.09244179188454 0.3788440053543946
1.085551326891547 0.3816125589334208
1.076593722400656 0.3852116785861549
1.064948836562498 0.3898905341347093
1.119099066819649 0.4023432880827476
1.116681153685194 0.4032991625903195
1.113537866610401 0.4045417994501629
1.109451593413171 0.4061572273679595
1.104139438256771 0.4082572836610949
1.097233636553451 0.410987356842171
1.088256094339136 0.4145364519775698
1.076585289460527 0.4191502756535884
1.130627071235854 0.4316812200197511
1.128206563842464 0.4326305060454275
1.125059904231057 0.4338645778788068
1.120969246736228 0.4354688712622
1.11565139199295 0.4375544526606112
1.108738180826689 0.4402657084785456
1.09975100631055 0.4437903410418604
1.088067679439569 0.4483723633741696
1.141900159353398 0.4604814446636544
1.139479766512816 0.461431022726405
1.136333255820059 0.4626654742079808
1.132242791919474 0.4642702611340294
1.126925188848714 0.4663564841378926
1.120012304856727 0.4690685740429146
1.111025555667143 0.4725942909194434
1.099342781720684 0.4771777228589307
1.152863529769498 0.4883614580516754
1.150446218469846 0.4893188535188535
1.147303713780298 0.4905634676261851
1.143218457683885 0.4921814659657161
1.137907624758549 0.4942848638071063
1.131003541955612 0.4970192810009137
1.122028234311794 0.5005740233528633
1.110360334374831 0.5051951884103977
1.163466634603275 0.5149412189102191
1.161055959587533 0.515915203493504
1.157922082067068 0.5171813834517742
1.153848041290464 0.5188274173975256
1.148551788280878 0.5209672615270024
1.141666659368417 0.5237490588953221
1.132715991782218 0.5273653954741379
1.121080123920158 0.5320666330265983
1.173655348663379 0.5398394356842914
1.171256001925772 0.5408410020738701
1.168136851166882 0.5421430383803224
1.164081955180326 0.5438356855787104
1.158810590397803 0.5460361269366149
1.151957816180524 0.5488967007018907
1.14304920969806 0.5526154465967492
1.131468021270857 0.5574498162600653
1.183379251363406 0.5626769302163546
1.180997978135833 0.5637207394976156
1.177902322939989 0.5650776915632549
1.173877971185392 0.5668417292485861
1.168646313904415 0.5691349782395165
1.161845159439145 0.5721162019277262
1.153003658634295 0.5759917927223986
1.141509707587989 0.5810300607554729
1.192582530428233 0.5830766897961891
1.190227619984936 0.584178686531235
1.187166236408651 0.5856112822867946
1.183186437759479 0.5874736567690221
1.178012699515556 0.5898947435959178
1.171286839798456 0.5930421564708823
1.162543222166226 0.597133793208336
1.151176519244327 0.602452920967026
1.20116058485568 0.6007572511238422
1.198840845168064 0.601931477584837
1.195825183574164 0.6034579719841303
1.191904823502093 0.6054424147032116
1.186808355408402 0.6080221902380173
1.180182946886602 0.6113758984332647
1.171569915808263 0.6157357190870862
1.160372975406423 0.6214034859370543
1.208964599557145 0.6155429294385061
1.206692978981435 0.6168077377085641
1.203739872233011 0.6184519884596395
1.199900833460059 0.6205895144360375
1.194910083055222 0.6233682982053549
1.188422107528935 0.6269807171054674
1.17998773934476 0.6316768616756139
1.169023060705334 0.6377818496168042
1.215850022408125 0.6272751464391682
1.213654351538686 0.6286676368100868
1.210799979408417 0.6304778742922809
1.207089295639066 0.6328311830191332
1.202265406738911 0.6358904843640414
1.195994351168709 0.639867576112422
1.187841978927446 0.6450377953853167
1.177243895013804 0.6517590804400798
1.221701396247456 0.6358212260910255
1.21965961136915 0.6374309200093586
1.217005291027351 0.6395235221031917
1.213554674583013 0.6422439048251747
1.209068873205374 0.6457804023637527
1.203237331414442 0.650377849163904
1.195656327086232 0.6563545300041006
1.185801021459558 0.6641242150963562
1.226586274002852 0.6411575426727663
1.22506433020656 0.6432655481473625
1.22308580327138 0.6460059552643375
1.220513718255646 0.6495684845164049
1.217170007735192 0.6541997725440927
1.212823184058601 0.6602204469800868
1.207172313279034 0.6680473237468791
1.199826181265596 0.6782222635437092
1.231417685019954 0.642805355517339
1.232166075545894 0.6452953176898796
1.233138983229616 0.6485322685141824
1.234403763218454 0.6527403045857761
1.236047977203944 0.658210751478848
1.238185455385081 0.6653223324398414
1.240964177020559 0.6745673876891327
1.24457651514668 0.6865859595132116
1.23429960289811 0.6390082420343496
1.236805486665654 0.6397014566790041
1.24006313556346 0.6406026357170549
1.244298079130608 0.641774168466521
1.2498035057679 0.6432971610408269
1.25696056039638 0.6452770513874245
1.266264731413404 0.6478509088380015
1.278360153735536 0.6511969235237516
1.23418268858266 0.6319035906753501
1.236767983740118 0.6316274585533053
1.240128867444813 0.631268486794647
1.244498016260917 0.6308018235083911
1.250177909721852 0.6301951612362586
1.257561771221067 0.6294065002824862
1.267160791170047 0.6283812410425823
1.279639517103721 0.6270484040307071
1.232215013253241 0.6213960252528693
1.234753930482455 0.6208357580815994
1.238054522880432 0.6201074107589486
1.242345292997803 0.6191605592395025
1.247923294150385 0.6179296522642226
1.255174695648742 0.6163294731963587
1.264601517596606 0.6142492404081356
1.276856386128829 0.6115449377834455
1.22866884961335 0.6074519471742252
1.231177654110704 0.6067693785007181
1.234439099957265 0.6058820392251588
1.238678979557795 0.6047284981669318
1.244190823038483 0.6032288947912365
1.251356219563377 0.6012794104028328
1.26067123504574 0.5987450806979079
1.272780755172812 0.5954504520815056
1.22372322139565 0.5904038689336244
1.226213009209996 0.5896548985473363
1.229449733368645 0.5886812370451617
1.233657474774889 0.5874154770923348
1.239127538603006 0.5857699891536596
1.246238621579558 0.5836308548333821
1.255483029449076 0.5808499802170212
1.267500759679449 0.577234843215752
1.217562548645139 0.5706386414888979
1.22003976188382 0.5698490754244651
1.223260139094105 0.5688226395407025
1.227446629467476 0.5674882728918109
1.232889066952858 0.5657535962482521
1.239964235683855 0.5634985166116255
1.24916195503415 0.5605669130840111
1.261118990189535 0.5567558284981121
1.210368918365327 0.5485632189539148
1.212837512240252 0.547747103594004
1.216046684277655 0.5466861536261199
1.220218607926278 0.5453069186678707
1.225642108669488 0.5435139132221468
1.232692659635662 0.5411830061427057
1.241858375891688 0.5381528269394321
1.253773807024521 0.5342135939751765
1.202328374257752 0.5245896372543031
1.204791060792829 0.5237558656848972
1.207992553288429 0.5226719626446693
1.21215449353271 0.5212628886923733
1.217565015850274 0.5194310925543884
1.224598694863108 0.5170497575750079
1.233742477579792 0.5139540221018134
1.245629395111481 0.5099295659866605
1.193628347108411 0.4991337645691705
1.196087098349345 0.4982884585090921
1.199283474962559 0.4971895606309902
1.203438764559738 0.4957609933894577
1.20884064103607 0.4939038559754654
1.215863080455302 0.4914895773372755
1.224992251700303 0.4883510151076286
1.236860174318805 0.4842708842090877
0.3418676217463825 -0.360216220720576
0.5149907026579458 -0.1857518085768415
0.4654191068749171 -0.5606772921286646
0.509465244999307 -0.3911704088750543
1.566338773855014 0.6466790374283875
0.5901163561406146 -0.3080906739708406
1.684717343454646 0.9337446137441973
1.448773010847375 0.4831426656946659
0.6528279185434648 -0.04857329369051364
0.2209321012740527 -0.5556245808633735
0.5932765420267295 -0.402592322692626
0.5940334954240742 -0.5020540985186267
1.410898396390941 0.6055372317852887
0.6507945103995727 -0.2063800309783032
0.1994065124242886 -0.2363621920154667
1.361998696018744 0.3655055629121752
1.780614846613635 0.7344709476796114
1.776967010780918 1.150403708874356
0.2217681772981897 -0.7630169482067565
1.415828988108284 0.7976816528820111
0.7533874745076071 0.07480194715027991
0.3484358812597366 -0.1938194823781776
0.1817939802823677 -0.3978267819542974
1.349987214467687 0.5163212542986542
0.4392732782170895 -0.290629982656015
1.291212402474382 0.2605207030937257
1.249286389522702 0.1315122545824429
0.6326158657644108 -0.3688155725576682
0.4151079774616081 -0.4564955691684133
0.6603534095580874 -0.3158399253578716
1.837607398039803 0.9999999999999999
0.7229375258990928 -0.1549882226185518
0.7211511056673923 -0.6107564550079454
1.33838166132876 0.5854119744784875
1.307584261303748 0.4532823020725325
0.6295929078471686 -0.4388939150074421
1.844437286650777 1.318580296222585
0.7601856765585664 -0.07614704958995268
0.542920034761605 -0.4525990116516995
1.357279659970023 0.6625696660743944
0.4269348640418788 -0.37001616918367
1.192459476715282 0.05293393918871432
1.153878608197891 -0.04283367103226905
0.2935519026026589 -0.471952090504261
0.8259380976412578 0.1373818030174005
0.8810804869404918 0.2171673808800436
0.9288969103559601 0.2987398711344958
0.3427052676242827 -0.6697153404061846
1.860343078542308 0.6341503598278317
1.850819045926554 0.8345833207373625
0.7643740064595925 -0.5573314988010957
0.8141067634839582 -0.5257010834251198
0.8709679432634045 -0.4849551918321063
0.929853828839551 -0.4334051155175771
1.617068972694776 1.106134137806729
0.6616276056750627 -0.5381796079043526
0.5746715002542107 -0.6215913156539213
0.5192494871861371 -0.3109169005324598
1.636404981787543 0.8062818780360479
1.499001777974993 0.9606802808225572
0.5600583059014399 -0.3525654964513234
0.1262601043655002 -0.1310210627464266
1.693588212302414 0.5828435306756521
0.1077770914288725 -0.4863736579473104
0.1226643821911428 -0.6250606831280701
1.585964025323113 0.5159494657803139
0.3622520652652025 -0.5433619840321687
0.244285162761157 -0.308736844736184
1.275699286061587 0.3707716806314065
0.6851495970338751 -0.2608629249907457
1.896119812213354 1.105859905874551
0.1024805259700217 -0.3210362441094404
0.2637507866803218 -0.1247821689058109
0.4142761195310455 -0.06523986662076751
0.7166301938022952 -0.2135816184653905
0.4687656316774376 -0.6983464258317098
1.223926498604438 0.2150431101744659
1.898070692100102 0.7377703183750434
1.460814641755033 0.6759018590806455
1.10798107912076 -0.09389202541315317
1.072553819681227 -0.1522744247909779
1.046821954226856 -0.2129579142716218
1.018137176009578 -0.2707949190264924
0.9862769105334451 -0.3266681194609027
1.314786040431808 0.763258901491443
1.306465570807128 0.5538585742765807
0.6070247640482718 -0.1319311610526848
1.89751896529192 1.2105265
0.8424368823089841 0.06357646059257353
0.8030348865559605 -0.005432327955378293
0.9485809740659532 -0.3754986922185288
1.722888849044411 1.282556039934916
0.5796777358164702 -0.2287948840782213
0.4769087236669782 -0.4459519991394457
0.3556708079666564 -0.2815993839032697
0.9705803898990677 0.3423348976045546
0.6443853918025504 -0.4042697126443594
1.246197059505065 0.3089681533463322
1.009074611869583 0.3970659319814613
1.026353012947531 0.4557552726639128
1.747026364345947 0.8507069969303416
1.293825975290211 0.5072730844742949
1.49015398080398 0.5698714086915672
0.5373461843264332 -0.03924344722577004
1.465852874518384 0.3639017413301495
0.1042918414865268 -0.810750782110609
0.2748459980727804 -0.3932112662638153
0.473762146901178 -0.3529356485447539
0.6343440891672573 -0.27086595303636
1.741332370885826 1.04709629953175
0.5551943343955124 -0.3952334834402864
0.7216592818131582 -0.5336827309291085
0.6678541248096088 -0.3598276833059618
0.08290681526275395 -0.4152536374382695
0.6449065556934653 -0.477353169210774
0.3421232217238915 -0.807064107359325
1.312102227727587 0.6132192632502793
0.5968821234628319 -0.3605322640659304
1.180035144412046 0.1238236735478074
0.08975434273311567 -0.7105265000000003
1.380553783042344 0.4545366512080349
1.904284565425869 0.9306996903256489
0.2841456751867257 -0.2503069229982222
0.222589899089807 -0.6583033308370531
0.5869157942242801 -0.4468335773014916
0.3815949795430654 -0.4067657513382403
0.4338797867461538 -0.2029661502921557
1.387595124958319 0.2765694645425072
1.670200428548127 0.6991911157098539
0.5317441581744833 -0.5189957652023269
1.305460373505164 0.7006073660486928
0.8378013765929128 -0.4795005447063667
0.08583479666619082 -0.2123129942259549
0.2170011835154924 -0.4718560284914131
0.725074552924697 -0.001128065955566279
0.8968048635713896 0.1452723892737863
0.3887379371199553 -0.3274720563263946
1.532251247824514 0.7548005628032279
1.536097659386751 0.4382081383369586
1.626671395437086 1.216278305054784
1.912613428554016 1.380446336531534
0.8898263067419714 -0.4323271733871433
0.4686641007926729 -0.3962244403814731
1.370240896778719 0.7271754856664111
0.631854998805637 0.05276062392336504
0.4928445524749647 -0.2521228560542225
1.129801872041168 0.0337625138817743
0.6243773347430418 -0.3305202474896971
0.7758674075522022 -0.5108914506918973
0.9441325671034516 0.2276867547454345
1.149338750767653 0.08380314571400228
1.588330157525371 0.8975153195717084
0.6922208374297442 -0.3085941592386443
0.9239272972923646 0.1835269631862746
1.811421882936276 0.9124184514787772
1.341222170282518 0.1703909529086238
0.8805335044461735 0.09668176791057591
1.183931525535341 0.176404190006575
1.212656950759522 0.2702555877159716
0.7715108162956001 -0.145678262364414
1.921712985179525 1.027753832403129
1.413306109866797 0.531867928619671
1.508989603564691 1.066114045759915
0.5556741974401418 -0.2674506764705571
1.390075300917612 0.9139396756033018
1.263725292917014 0.4300711440013455
0.808111137152725 -0.05913863345419959
0.7482181131258162 -0.1816306010569673
0.3105304570803057 -0.3092284432716831
1.598368822954574 1.000162235144628
1.926707606477236 0.573035922056325
0.6522735293398326 -0.1419861591947048
1.794808481264069 0.5595799464850627
0.07486813810769899 -0.5670776414514456
0.5199635083392109 -0.3496228292511527
0.6609052924591811 -0.3856795031400307
0.3184201548050358 -0.4114606138211053
1.81369033514622 1.234716544957254
0.6806156889803254 -0.3364185405381962
0.5767650999545525 -0.7286914336717014
1.49191300172658 0.8547069486008083
0.8576213817398574 -0.4564208502205281
0.1732130533129207 -0.3256167467745936
1.10862747302805 -0.02580057932151905
0.2903883148055773 -0.6010721105260171
0.6207552705467621 -0.3866267299621498
1.919748330144396 1.285644626547317
1.265636669336789 0.7374789370179384
1.213204307634854 0.7305431843707496
0.3388643319844613 -0.10440802025779
1.777097387115385 0.6489800191638551
0.5169855200370468 -0.1032271145249686
1.300730187148522 0.5771196025662474
0.522553311480658 -0.4206503165416182
1.320211839295858 0.6532700358962793
1.679941922001649 0.5098858609304218
0.96862609635575 0.2820764897043218
1.802619462601374 1.07941358638903
0.4556795234010725 -0.5056016675685381
0.6911668104201733 -0.08645717415064227
0.4011431667055589 -0.6255810238867785
0.8499439425594675 0.01321503438647995
0.355766536989128 -0.4591047468592938
1.926255758659871 0.788695266249259
0.796500406804686 0.2144817304448204
0.7762135003232933 0.1456720623231238
0.7855681264340375 -0.1023087791651529
0.5541244320860694 -0.3125401029899269
0.9148416933038852 -0.3858870468820788
1.320723851430983 0.3189845868470263
0.2032201179886552 -0.8782704098778438
1.119101887807289 0.653673853398557
1.143819775935288 0.6646526388544096
1.118695058936297 0.6229938139142947
0.4155310316153122 -0.4176385692277168
1.69900650001549 1.132177169954081
1.759668497269644 1.351763737876086
0.1672660947588966 -0.5535931398331488
0.635062155643837 -0.673300170878935
0.291087538427078 -0.5264785047541291
0.6803929554479029 -0.5087705988829088
1.27528285523748 0.4692813710054775
0.6275418724720115 -0.6059576147685419
1.622913846021653 0.6040814035889373
0.06532774599831251 -0.084832628606445
0.9786833380421338 -0.285588972175239
0.7243830073291253 -0.2460599031525681
0.5793578345310008 -0.3827905736305349
1.698304832076344 0.7834212380629135
1.007018964137923 -0.2297103383498338
1.927475469008503 0.6841949502996602
0.9450549186538567 -0.3422556472886034
0.4343223339191511 -0.3260149509799383
0.6538072915473586 -0.4404256888645372
1.148753708746422 -0.1544501382846257
1.115674671296201 -0.2038364204441238
1.761720636431219 0.9802491896737324
1.034480367912051 -0.1721631972224063
0.5714979320352982 -0.419785387353369
1.059921094243469 -0.111775902368381
1.347020671140116 0.6307287119473645
1.230603577354326 0.3504282981068251
0.7478798540408358 -0.5217447293975721
1.248219837463074 0.3908802412904895
1.058027707771204 0.4740440983583709
1.850476194359184 1.388964747654114
0.4503038170114877 -0.8060287313764463
1.656024927921394 0.8753681530092663
1.299401302253022 0.3964030765376337
1.25929861892298 0.8161550143451808
1.3597566607198 0.8460687575637068
0.8085010245391388 -0.4815821757965331
1.369900503011769 0.5563469523418398
0.8233393434813086 -0.5891608609144517
0.7707291557313801 -0.615742692083756
0.6116881586803896 -0.5586450085353352
1.938623251380496 1.157895
0.6196852074248644 -0.4226602277633063
0.06363734921153823 -0.4633363659579419
0.7080981702373017 -0.280151974188119
1.014506034490486 0.3637176079960263
1.824250242498814 0.7841507891643699
1.15653524195588 -0.09927627420444543
1.084712258454228 -0.06370839418143198
0.6041175500745719 -0.1864006871936897
1.240646690110318 0.7819030402563159
1.931032264574038 0.8775494579564339
1.033605098161901 0.413833916144197
0.6461863401358898 -0.3450376667838488
1.078375759516748 0.5769808464135112
1.069353049528819 0.5230992970747898
1.019287435280455 0.5058017819819305
1.102055818915561 0.5976544316768778
1.181713821551141 0.0002502628529948369
0.06670255559712521 -0.8665192222976123
1.260389668398503 0.06440739325362306
0.05610619724471331 -0.3551229218764293
1.28405756966909 0.5366895487143983
1.838377183482392 1.162995437369905
0.4653214457686325 -0.142474205195039
0.3967385444719961 -0.1471870166489301
0.8332508595869773 -0.02916298663750971
0.410676709503443 -0.2463276944142381
0.1430744758103923 -0.4429835494779377
0.5059886673639714 -0.4833673864234487
1.185770935391803 0.2277883635145274
0.1554477079920678 -0.6896557022415741
1.828873020943508 0.6904300241719017
1.104012300861088 0.01215514889364944
1.558312546615383 1.169955505975162
0.987681041150801 0.314154567360022
0.5849183150199401 -0.3347581909062116
0.8128568251018818 0.03746255223883671
0.06306702834394964 -0.6503729481390776
0.6614959167232035 -0.4130936975013562
0.05634732979726729 -0.2823347002791241
0.6719810572698983 -0.2889305077359216
1.240638205666066 0.005706697889382301
0.6131513636386514 -0.4665928770292678
1.454632069912163 0.61631359001127
0.6884532848854942 -0.180360802364983
1.702154571987316 1.194786071674722
1.407269845686834 0.6550063958195872
1.514430244597796 0.5057038326611262
0.2757452789922122 -0.7145820129182932
0.3862600125512849 -0.3681158110102467
0.8973273068746065 0.2624989351486901
0.8436140380342796 0.2627410124795648
1.037647594520115 -0.1355061523382107
1.419034505758578 1.0035164824424
1.011978452638513 -0.1926498192403027
0.9094365393019656 -0.4697583172864109
0.984582825753404 -0.2491467247167292
0.4740052856708986 -0.3023879215378884
0.8615266956271335 0.1750298981791157
1.415288010987667 0.3924886963734539
0.8475274884867026 -0.517319580540607
0.05645066671500847 -0.7631579999999997
0.9546808346728989 -0.3030824515928894
1.324898507771028 0.4864872577042765
1.005686505296948 -0.3835610024264805
0.8882805629428769 -0.3991166694057186
0.3906867357803988 -0.7364339948648792
0.5950518984211726 -0.26816892083796
0.9705437660769392 0.2462546695842083
1.221140289168527 0.09138070036904766
0.2412024345640123 -0.1867420398589843
0.3999777902293846 -0.5232724901351205
0.7519579765590546 -0.1060910243525114
0.5348750147906498 -0.3738294649348962
1.600352142398239 0.450260091230252
1.166176777920929 0.7032101708424851
1.194328175363637 0.7086104127471181
1.594449226611438 0.7139812185943961
0.5087775339025118 -0.6364975765070307
0.2941106382583482 -0.3565968223220277
0.1419153548641927 -0.3642684816691314
0.9185434541581385 -0.35646360300617
0.6319129235097403 -0.3023375619129706
0.8782190194191191 0.04741733440809982
0.6945765116852611 -0.5707318553445375
1.650630943727781 1.043195648884879
1.162673631576751 0.675768420719668
0.8091975107082925 0.09324015208121775
0.6853775034549452 0.1269514893214888
1.185319551042022 0.687398200297463
0.6197966487238689 -0.2338220511010065
1.953647611110338 1.417418458689829
1.407642448197783 0.3341389216083169
1.328261555105796 0.4105036866676235
0.1730830960827702 -0.1777451914078094
1.206511660897349 0.3151024269534035
0.4934740661782432 -0.4170943788616252
1.299485242776927 0.6753690172541307
1.157913680880892 0.1528681432279255
1.144960419702614 0.1195029301597607
1.139364235636765 -0.000550872514674798
1.200223828521629 0.295645341886356
0.348414518634614 -0.3217161951147508
0.3303870165811905 -0.5012090893754517
0.2265243969949387 -0.3703966086995291
0.1899423079730548 -0.0427854969871894
0.0794102014680763 -0.1561408662698528
0.527605176311723 -0.2310373189718748
0.152095070166598 -0.2779258727428668
0.5712565767140854 -0.4719916488210881
1.073617855309998 -0.27100077640832
1.281380434405768 0.2031519686727202
1.437450746617425 0.5694422451298888
1.058199561606364 -0.08042007672874911
1.940536286585167 1.079109031630205
1.934780234647062 0.9671689507371395
1.20987526697748 -0.0496997403131084
1.118592899190149 -0.05954187544798664
1.146101753240182 0.6384539967227854
0.7872840930843211 -0.4899533818469365
0.7445266061547411 -0.2299908236627433
0.2377368825634378 -0.2672212026944884
0.1640764659566548 -0.4931131824565093
0.6516937511391141 -0.5065339563095507
1.101279112535858 0.554987244266138
0.7780881298661893 -0.03549526585427671
1.129425257445848 0.5997312378242055
1.056196702699896 0.4461470797437281
0.4834271442958501 -0.3775887275773898
0.2570535717590178 -0.4416627967304505
0.599954509001404 -0.0689592220105745
1.648425810497835 1.28837441657787
0.1841907284797437 -0.6028846836645888
0.9484574104074909 0.3855694494174517
0.9281272987461682 0.3476011928053721
1.299453471011419 0.6371321630125626
1.390122387305361 0.4937829042385762
0.9369645363648129 0.2579363940075817
0.6551501348341886 -0.2426846003582745
0.6835426399425035 -0.2232757661550772
1.014678793770269 0.3301844051381142
1.950089692036212 0.7368420000000002
1.033787708241224 0.3874925548779148
0.8811571030348089 0.3061639247643413
0.905140932437486 0.1152699370437207
1.284048610276183 0.5630813908059382
1.748939304465346 0.9202383016862548
1.044399935466004 -0.3216756376357346
1.458936810420236 0.2875598013163717
1.036931109077836 -0.2442279270815096
1.122045817589013 0.06158462720369138
0.7301923092002683 -0.5057989102972882
1.064189240661016 -0.1854883864534801
1.006877608817041 -0.3013463574543611
1.227322105223826 0.1711990537761779
1.858855297449098 0.5608045886449291
1.952386900132693 1.2105265
1.010677721485395 0.4313726008243894
1.275624552751728 0.7012551192685583
1.27748656759013 0.6763026266121728
1.162983362395713 0.2001940794109241
0.1430103859591469 -0.7502978906216619
1.336650600566524 0.5544480325249391
1.105366685446897 0.04095001759978519
1.095327079326415 0.5285717917400868
0.6064245900074592 -0.008920273134276261
0.0560645957925092 -0.5161356244065467
1.797603648455798 0.8357493653224931
0.9581928572896925 0.3141564800612093
1.863864083607879 1.051859955079472
0.9266264189654183 0.1517228651864367
0.6199367200792879 -0.3523500533408011
0.2978146708176058 -0.1633587619933404
1.246912074309038 0.2451155071158519
0.9498292244614487 0.1986740823960518
1.46336430553559 0.7489946188835894
1.086619213763704 -0.124139511282012
1.529367875791304 0.3767267147984215
0.5609364398374948 -0.1582883735317571
0.9773138005707356 -0.3549344385547192
0.8947350991710674 0.07082077596708443
1.797198345465662 1.290624149562477
1.456659861683165 0.4262815782346547
1.293134766766479 0.5988944660924033
1.293001406283264 0.6169333445295897
0.04662696944878961 -0.8157895000000005
0.7596551202899478 -0.2064180075556772
0.5093800042425053 -0.4513417711727094
0.7364562961378559 -0.5710755783940678
0.2732101781717405 -0.05044216343744037
0.4002605374781171 -0.2881930988640647
1.560838748268288 0.5725765274221172
1.185946713189247 0.2550308616191039
1.310790376986815 0.1076342170600707
1.344404931529456 0.2347393658044414
0.96697905906118 0.2178456023850656
0.6487358217512222 -0.1006330950042213
0.8682485373869412 0.0731055561692827
0.8478014699331422 0.09907227142865316
1.867487208278465 1.261080765552159
0.04631668649957813 -0.03305915715161124
1.225290893025683 0.3773450531454166
0.5983554419180802 -0.4230759960107473
0.8568734943657659 -0.01235128709884112
1.267996638254332 0.4921166043946668
0.764473547650103 0.02462578608405236
0.6837140446395255 -0.3537862737123652
0.5222761234417036 -0.5757400842101454
1.559328835684715 0.8187584855974471
0.2508278263470665 -0.506256485128833
1.744815576297978 0.5270021750244535
0.8353504643343492 -0.4522401107259778
0.4661193959570957 -0.001100553096507462
0.9819103731893757 0.3740203678117145
0.8132101121638629 -0.08731614737487854
0.7968880474758878 -0.1300308883374204
0.04787586424109593 -0.9197073645827461
1.291971670501511 0.7246937128934239
0.4552916665573584 -0.3715416777411331
0.265185853896728 -0.8211938534580091
1.319035180688666 0.5254407470131628
0.1243119145694645 -0.9222061504360415
1.698943781008301 1.342909442341634
1.324721144032849 0.6795197882455915
1.076561286082469 0.4940896445602514
0.4528264746840492 -0.2442824088483394
1.731386787709088 0.6905591336711201
0.8199511807232242 -0.4641985303535831
0.7729404724402854 -0.1683583721641657
0.692043550572177 -0.5349710050776391
0.6736119283636133 -0.3757733514291862
0.5722027354410706 -0.5376103836903454
1.623634064368526 0.6600167762997755
1.269056677069927 0.5160444795090394
1.257667718354601 0.3366448331383019
1.888165209084552 0.9814635739503268
0.5329729482375727 -0.7991457335073966
0.6009069915344877 -0.3836229644124343
0.8897546377168433 -0.5226850042396204
0.858213606344308 -0.5580549029427798
0.04652191181260763 -0.2386564783019677
0.3284745178642493 -0.2414298044796492
0.04454868048644997 -0.3956442788532716
1.155713181978436 0.1791838039914751
1.193323748444604 0.2025751190791436
0.669872455485098 -0.3980632953266326
0.6422494097807387 -0.3882348911821502
0.4110321596891207 -0.5700938264339854
1.278070505719799 0.3047680848444987
0.04393703314519584 -0.6037080286907294
1.180829367109711 0.7333249247048033
0.6991213220439696 0.050022693370172
0.7184543829145034 -0.04719585100595176
0.5404125435202709 0.04245122711122761
1.219290033213759 0.6987208005215968
1.243442871592907 0.7215068054165077
1.868059506981636 0.8873819562951142
1.367603309465748 0.5980165833648155
1.255713695104789 0.4530957711084752
0.8709772852418092 0.02352957190567103
0.3593708444279231 -0.02938089484116636
1.357488072264576 0.7749216371302917
0.5208217577922942 -0.2745170573560707
1.753373429869432 0.7939342662978774
0.8678238042365215 -0.4178239650218839
0.4782712394144976 -0.2084529991357987
1.18489596712112 0.08818655644246887
1.956881284731383 0.6298626724693661
1.379857639050945 0.6295837268999769
1.045322041245409 0.5062955222815111
0.7375060953325107 -0.6631084884781265
0.05842535576211208 -0.9568107030037576
1.521506835360602 0.6939383890393627
1.244915174912462 0.4157949313474665
0.2833309199780254 -0.6530381971325322
0.7960467923700949 -0.5525955591458013
0.6713789241757754 -0.4847962525279254
1.412375020512109 0.7048758959265004
1.747366168560475 1.098555464277817
0.9717158741056343 0.4230511723888839
1.949570774753467 1.322861555994911
1.459082810780443 0.5308454374348516
0.3454743993318576 -0.6108163525869091
1.118693853963673 0.576817973296253
0.6443873375584417 -0.4218771887034724
0.6627692019733136 -0.4595103394023947
0.2781786882320399 -0.2892287081333146
1.788592277858659 1.025884971040244
1.955354659526097 0.9178581020957355
0.1400745313728082 -0.2267708529287098
0.4505267261950294 -0.4284810836397389
0.9116097912496092 -0.4097577969372496
0.5574883440078634 -0.3715257292188713
1.907257985244146 1.439144423812579
0.8317763247992258 -0.06799931907421267
0.5326393284218106 -0.3974636151689834
0.5429361178901063 -0.335640774810901
0.8505176029960417 -0.4345260534574909
0.04185440755841476 -0.7090220896278155
1.344326168776482 0.4503067089987343
0.770250234098834 -0.4936785010826617
1.249116408614457 0.2816153030871107
0.7920502229817232 -0.1550203854895418
0.7270216026257371 -0.2683878492877995
0.6722929608732884 -0.0005056944154618172
1.45913848555697 0.9034607825854397
1.078458942295467 -0.03261032736725978
1.401103517714147 0.2118565267303523
1.123671937519907 0.1039845259654032
1.704800576908905 0.9991404299753134
1.313196785249329 0.3658038706685441
0.4975640419316589 -0.3306653506370995
1.248892189547277 0.3632163220734871
1.511822816582025 0.6232730374459296
1.283796237902817 0.5823316862090417
0.6962522028632656 -0.3339059580352607
1.085590220806891 -0.008055205872224049
1.202308527039994 0.1495450395223791
1.211042634450809 0.2426466860279842
1.151680301464855 0.05308957713330709
0.8336606918062122 -0.005140149126258987
1.852859989516523 0.9460810880488371
0.9285495955650487 0.1276715198698821
1.576883486325056 1.055884532838642
0.8508867909262524 0.03704019070633221
1.958679113375702 1.264157193200864
0.8687323324665919 0.1269107310334151
0.4474411148172 -0.4642073155742834
1.493157096775437 1.132055586239709
0.2819219453438338 -0.8965609443788375
0.7537032325249891 -0.500950037877415
0.9075719643628609 0.09066434750594607
1.274190924438586 0.7681564817067588
1.310011427764261 0.8066130889761242
1.291578233278515 0.8626124716170409
0.4126285431542045 -0.344441634518258
0.971644320531908 -0.4139064383929111
1.639793721323958 1.160223351044874
1.621400477581229 0.9479922737772976
0.5480001525142275 -0.4213257149847368
0.5750046305711926 -0.4004061197367718
0.705259070357148 -0.5096359982590504
0.3502559515627569 -0.3923637822545267
0.5379688120227624 -0.4846102332842287
0.8927929755508749 0.1761388252890076
0.09722569429758224 -0.2598395237646773
0.6534256835157922 -0.370708348488517
0.6086138871891211 -0.4434626530849691
0.6131183286934028 -0.2903032848391232
1.757015301891902 1.226895136275012
0.6253613028866811 -0.495856421924269
0.6194345082077319 -0.5231465794804131
0.7196378155047929 -0.1838628839572618
0.9352891052614898 -0.4020801498479721
0.8218482046615663 -0.5021564842537098
0.2017792247776987 -0.2900446985784764
1.330185943016342 0.7327399931974538
1.341168604616272 0.7057828559544604
0.5487614706996703 -0.6763487021512489
0.9565187377346849 -0.4550783742393798
1.875810450035263 0.7868461468708661
1.135714634187113 0.1422893958761857
1.239626809203288 0.4383718943413139
0.7890326364350763 -0.07208117508769209
0.8438243543256601 -0.04983102382914306
0.9941980509008235 0.2871261159641214
0.2247201883647875 -0.4161984192139134
0.6142635742821632 -0.3707231400133267
1.320517539230614 0.5717640028960261
0.2440426958198775 -0.6057118663253963
0.5033888675993837 -0.3636914713399548
0.4056269986894743 -0.3898370675978791
1.223973178847827 0.2997193468718196
1.23563836534169 0.7450515468146185
0.4800097331240508 -0.07025703733261053
0.9901021977311009 0.2668566952777103
0.6891673991541873 -0.1258915599262076
0.9432660308522133 0.1692433050455327
0.9268045165121045 0.2077257854845096
0.6661064553698392 -0.342250986148814
0.7099315399370039 -0.3014982813249036
1.65096508218237 0.7513939573382491
1.159772423294272 0.6536831972707495
1.561964120297392 0.9522375725346763
1.628801662579908 0.5460991532511035
0.8057673747137708 -0.03318179352311049
0.1771594707162734 -0.8114985514445395
0.4718675290497027 -0.273574385102026
1.364866651678077 0.3151397644948156
0.4133449741334081 -0.6769261723104245
1.104872610932213 -0.1570892892613129
1.883796574846133 1.156643800290186
0.5574655209396412 -0.1980546144704769
1.591711855809173 1.266157226332516
0.7722593814739495 -0.1217147952193344
0.7691762046692454 -0.5346081768037969
0.186613687113365 -0.4405825963272349
1.677087739136127 0.6454660447068522
0.3169232996706175 -0.377961821966454
1.879304070817379 0.6848132479340026
1.961364148092781 0.5360027745794751
0.5780460046498492 -0.361734449786193
0.2907085683450546 -0.4290917785432072
1.032716719402209 0.4830697947106146
1.002038377084698 0.4677215569784452
1.954846923645852 0.8298272351508089
0.3114490922342167 -0.2727432719866938
0.1067911837363428 -0.6669713195261295
1.528224262494457 0.9001567060027265
0.3687521968158427 -0.8774155566229217
1.014835195837176 -0.3431303521622746
1.120952370903796 -0.1257694476891099
0.3913140999470829 -0.2068783515101101
0.1143464613551605 -0.5382638768715713
0.707283385499478 -0.3184874523748104
1.272172560728467 0.4036996654419211
0.6408454641399916 -0.4565551979028832
1.515004712145985 0.3284266514889885
0.772564648179991 -0.1886646127644614
1.662072108398471 0.4531303958338839
0.1221972079054443 -0.1811278019295131
1.962627316024595 1.041624560388078
0.6890860857687053 -0.7010303146796157
0.4912611722128584 -0.518077703044568
1.071856800181568 0.5483190358989052
1.489818941878113 0.4567352843842931
0.9765958039033502 -0.3827717519630641
1.587381119040322 0.390627815171308
0.8827641444247725 -0.4580381605551658
1.380565854221838 0.5274797910027235
1.322621917653732 0.6289034279472092
0.8122627026309037 -0.1097486259679621
1.159003941481843 0.02789708410842316
1.076660923165486 -0.2281749189191727
0.6052194116594347 -0.3329806362094601
0.7514709008204465 -0.157566363897114
1.910604703783003 0.6254918349295778
1.839774051426694 1.11494569597456
0.03386563579924352 -0.5555934178110942
1.29780637714536 0.481283587116828
0.4370958979819543 -0.3956231679619351
1.222704250154429 0.8020771669739928
0.642784392579888 -0.324206951514278
1.35797761227258 0.4802869552896552
0.3663200225130592 -0.344380070792992
1.044014697936749 -0.2866409515534615
1.346373137784554 0.2805002865640525
1.813786875751852 0.6130743564473328
1.10010113623296 0.5766101239131949
0.5680757054476915 -0.2909491874120074
1.536307404785349 1.007066922922539
0.7377335697755187 -0.203096786939608
1.078953692203815 -0.09585997405392846
0.6405957081541972 -0.1753218156163752
1.962511714055999 1.371876303569324
1.400981131365806 0.5651183210480155
1.966238474868387 0.7868623002800137
1.756775039744547 0.5981911360868348
1.892822899833341 1.326420042001027
1.446014538810684 1.07362784849199
0.7469075314248075 -0.5433635697107885
1.334794850142478 0.9065055246130986
0.5641180980498993 -0.442507068022477
1.613804188473021 0.8506100626593638
0.03536462759236441 -0.1345953399382412
0.2053327286954863 -0.7093890717637879
0.1037881960608025 -0.4444014964987316
0.7413128821165849 0.1973144564178866
1.403859456639856 0.7507298580977606
1.2114528300585 0.7636129771867466
0.3325448391559087 -0.7319232525095876
1.957400019413774 1.116660271745134
1.063069442505499 -0.05005480967490347
1.254522417325856 0.4736239611132953
1.652019788745922 0.9903380937405619
1.588473574380529 0.7682967163797327
1.480065560544364 0.805601791231302
0.8406958155990831 0.2085725332526889
1.289716712172858 0.1554467999721325
1.96688928915522 0.6838641245538053
0.2592801344432768 -0.3513820345031438
0.6825581946480158 -0.3671978622739386
0.7099460991851269 -0.2582494542783997
1.550882341195069 1.106028761724031
0.2911781638373266 -0.210987091237256
1.20254402020326 0.6913524333658505
0.2040207343704327 -0.5160886833546555
1.289514184155987 0.6883835322958887
1.289063304996047 0.3378859664823871
0.6542926777997618 -0.5819640014443644
1.956183719270897 1.459740576500482
0.6604972619308192 -0.2700772380012571
0.6927665550005462 -0.4916781420831505
1.278341145990186 0.4468382345666379
0.3161763582997114 -0.5642803775421145
0.3820239816331416 -0.487773214422627
1.216559187457324 0.688720364236092
0.3838558641117192 -0.4424527318898846
0.915030389346092 0.2285657889387844
0.4747891495060117 -0.4776078057141118
1.800011082920111 0.5103546885931404
0.539433129244316 -0.2939138789152444
0.4558226709178083 -0.6205517716155341
1.432796332928934 0.853576601411095
1.700534197952189 0.8319964519519796
1.141154312854615 0.6170070910730732
0.1634658336379078 -0.6428551668458558
0.720413326886409 -0.1168635995613307
0.6393388682734189 -0.7433933838460505
0.8969221278587427 -0.3739501416414921
1.96899060786028 0.5793592738210333
1.418980600369477 0.4489536301904271
0.8207574505888245 0.1734426442799001
1.807621374631004 0.9645228562431547
1.164780325409395 0.1037266649820529
0.3196329892315997 -0.3393906116703039
0.3531106774280603 -0.4269385403230168
1.680059368868594 1.245948256792494
1.823405457683274 0.8708654664100805
1.497169171946882 0.4084048855977601
1.228986964344656 0.402132584307795
1.481869566178859 1.02220111608788
1.316531293549274 0.5927627124855006
1.334043513477536 0.6081737789122761
0.08570659843518912 -0.6041649305318655
1.116659684547408 0.08385989636488557
0.8235634925455291 -0.04715756431162238
1.043807916451606 -0.1187226258434617
1.043483665849278 -0.09959409554140997
0.7441810353967058 -0.135952120533441
0.3708628024558439 -0.2433413343702889
1.024441226928147 -0.1519813312235135
1.015256526563642 -0.1710804386546315
1.792574611683278 1.408718882508361
0.9987966630426388 -0.2087436217772467
0.9881470518851627 -0.2282099450888512
0.9703458942174478 -0.2650195238203517
0.9598621493240804 -0.2829201149827457
1.851389792077412 1.206786465137421
0.323657476125188 -0.449959476571056
1.294915477285813 0.6573172223363591
1.556701227795965 0.4792497176974892
1.721746001536219 0.7390605514583494
0.6275345713176113 -0.4027949778831916
0.4900545810999374 -0.3958335766482561
1.260437745137745 0.7139136822122127
1.726405559617748 0.6366923325375979
0.09637330477783759 -0.3688223419649687
1.008629406611904 0.3024329003945099
0.2161659434207189 -0.3345901660255536
0.6779216085785267 -0.3209900128424514
0.6532615065991629 -0.2968040753962515
1.291581019716372 0.423466351547949
0.7408290294033151 -0.2551223620644865
0.5172445099208074 -0.7405323823657362
0.6100856707947557 -0.4035622031207425
0.287473474213386 -0.7675560348903944
0.04118858958987319 -0.1850211131226694
0.1249753545097244 -0.4055927148338894
1.207716956359269 0.3372095795867831
1.210009513809977 0.356806690231446
1.090715105715545 0.5068094477100407
0.9401550914889836 -0.3169274884341207
0.9268052853361894 -0.3305146681127137
0.9958184617039341 0.345949792862471
1.629563221562332 0.4912581311091793
0.4131661416260955 -0.3133085701464839
0.6798880720527828 -0.6295498429431522
0.7996785796170649 -0.5068022040988234
0.9079271331283856 0.202624948755724
1.095468560341826 -0.04402448589273054
0.5839076355452719 0.09752823931178198
0.6129488709492468 -0.3128464808844183
0.8278467988332743 -0.548566397393752
1.224039536460644 0.7157504034307126
1.237606184083004 0.7061007555516716
0.03600845671685416 -0.4358889733628401
0.656123793058864 -0.398749393599135
0.1386402169319292 -0.8583625011066285
0.8526872469460642 -0.03220364226592498
1.921999448392066 1.244234671322088
1.901137324970535 0.8341472305433074
1.362367443325204 0.9667488251094987
1.070501477391646 0.460373638598831
1.079726079712299 0.4758844071269718
0.7050781186995951 -0.2357846197727662
0.5614411555552952 -0.5030524259033231
0.135363718156989 -0.07429115528037313
0.1926319761364226 -0.116993563070126
1.18465762249909 0.2771368490679115
1.557535359572328 1.230584807472492
0.8837246004452443 0.3523942793924283
0.5618684680557747 -0.09905161588742911
1.377666805512791 0.6910820598882707
0.6916987711523377 -0.2893088523226194
1.05317868594787 0.4068521004988085
0.7909751495385131 -0.5261196948330877
1.969577810136718 0.9993021936835498
1.810762127481461 1.352544490409079
1.806831944565284 1.192868057840053
1.0571191145579 0.4256593386592629
0.6637787441479335 -0.428057163396788
1.07130269774255 -0.3068118731195033
1.78398656558607 0.8789908209141265
0.8697106480278329 -0.4398272405284424
1.165672928662637 0.2235504974419156
1.172141656558048 0.2426488251166539
1.048781571205552 -0.1552992676313403
0.5730255409101365 -0.5778727700693254
0.5649114495353007 -0.3316136699909323
0.7797665488848182 -0.5809297272754231
0.5233002712932191 -0.1437422039426978
0.2671705883421793 -0.5608880753534544
1.707448427627904 0.8824109034644079
1.058956146473974 -0.13386129267695
1.038998282436569 0.3697957666607893
1.032547708634648 0.351424102240281
1.715581418764696 0.4734751849803889
0.9631656529664747 -0.3254872987092493
0.2843363450011212 -0.3257605774394428
0.3489137009326276 -0.1503545024830843
0.1248404005546386 -0.5818408259134482
1.781742071293608 0.6918208240962618
0.958098664274824 0.1813827614303064
1.905558291896481 1.066145681246839
1.022502107724222 -0.2135752743313982
0.8719017141847514 0.004058349433352007
1.033465503221564 -0.193162025267875
0.4610019785532057 -0.3259693561625998
0.9940893992728932 -0.2704168287915418
0.4977495121511066 -0.2910002226818039
0.4007865312884317 0.0103852599028463
1.005909552797755 -0.2506044755560778
1.186636779282813 -0.08146142138745571
1.210224243259052 0.1194002521387631
1.972214906194871 0.9504460325449291
0.4416717951593497 -0.3496811159877776
1.693916299310346 1.074951374092623
0.5401806572467994 -0.3549258892338479
1.036758298117859 0.4355614424548056
1.850457460526847 0.7368420000000011
0.9757716563685258 -0.3060641651857002
0.2507339337151582 -0.2303238897608835
1.084624708490577 0.01351452810179649
1.0933647500908 0.02674286697939497
0.9572688680605257 0.3623814769097732
1.229003862224848 0.3259820032121641
0.4233460148047638 -0.493807479938183
0.7284356346677413 -0.08655093973207777
0.4320157467028511 -0.5355394915154544
0.6755458388124891 -0.3874873465394045
0.03582234216866704 -0.3176436443774989
1.377513848628698 0.4174385366733769
0.1898773910612127 -0.359923090495694
